1,1.97744,6.37428,21.2872,6.37428
1,1.95302,6.17744,21.2007,6.17744
1,1.73587,5.25728,17.6403,5.25728
1,1.67747,5.56616,19.0065,5.56616
1,1.74299,5.55077,19.3652,5.55077
1,1.98523,6.30569,21.7535,6.30569
1,1.8915,5.88822,19.2952,5.88822
1,2.07239,7.76185,26.9875,7.76185
1,1.77854,5.76386,19.8232,5.76386
1,1.78587,5.31508,17.5105,5.31508
1,1.86688,5.40725,19.1059,5.40725
1,1.84538,6.14487,20.8063,6.14487
1,1.8736,5.61438,18.7937,5.61438
1,1.92403,7.0155,22.198,7.0155
1,1.89104,5.59728,19.3684,5.59728
1,1.9569,5.58926,23.7787,5.58926
1,1.9304,5.94724,19.4293,5.94724
1,1.85476,5.8645,20.1732,5.8645
1,1.7466,5.67904,20.1254,5.67904
1,1.74368,5.42826,20.1214,5.42826
1,1.91593,5.94858,19.3218,5.94858
1,1.75697,5.34798,18.4795,5.34798
1,1.88173,5.67193,17.7126,5.67193
1,1.84113,5.55646,18.2779,5.55646
1,2.01951,6.66202,23.7053,6.66202
1,1.94584,5.498,21.0977,5.498
1,1.80059,5.31774,17.9417,5.31774
1,1.93333,4.9622,18.6885,4.9622
1,1.5429,4.15383,14.2776,4.15383
1,1.70328,4.35854,15.6371,4.35854
1,1.6112,4.12933,16.2656,4.12933
1,1.91863,6.31103,19.5471,6.31103
1,1.55628,3.87811,13.4233,3.87811
1,1.69183,4.48613,15.6872,4.48613
1,2.03979,6.80344,24.7479,6.80344
1,2.20455,8.13112,28.0021,8.13112
1,1.88458,6.18527,19.8189,6.18527
1,1.97199,6.12126,22.1301,6.12126
1,1.9246,5.98865,19.4322,5.98865
1,1.98977,6.02214,22.2548,6.02214
1,1.73235,4.94109,15.6619,4.94109
1,1.82425,4.70179,16.2228,4.70179
1,1.99671,6.6844,23.1323,6.6844
1,1.6979,4.44065,15.1609,4.44065
1,1.70352,4.6869,17.0561,4.6869
1,1.58852,4.37085,15.6947,4.37085
1,1.67027,4.55066,15.995,4.55066
1,1.58893,4.23132,14.4329,4.23132
1,1.6235,4.24144,15.1474,4.24144
1,1.68944,4.71048,17.4077,4.71048
1,1.90538,5.84754,18.8233,5.84754
1,1.8176,5.71768,18.6239,5.71768
1,1.86475,5.57651,19.0587,5.57651
1,1.88169,6.02229,20.3401,6.02229
1,1.71517,4.59591,16.4039,4.59591
1,1.82358,5.49763,17.2547,5.49763
1,2.00854,7.13991,24.2331,7.13991
1,1.97163,6.36404,23.8707,6.36404
1,1.96966,6.67284,21.7969,6.67284
1,1.872,5.83064,21.1732,5.83064
1,1.70006,4.75208,16.5597,4.75208
1,1.96982,6.25364,23.7261,6.25364
1,2.04256,5.85453,32.4949,5.85453
1,1.84948,6.16217,22.3862,6.16217
1,1.94428,6.04799,19.4099,6.04799
1,1.91999,5.91549,22.0957,5.91549
1,1.83374,5.06625,17.2029,5.06625
1,1.68555,4.72149,15.9291,4.72149
1,1.78389,4.87893,19.1032,4.87893
1,1.7517,5.57679,19.0217,5.57679
1,2.031,6.11559,25.6522,6.11559
1,1.71878,4.86301,15.18,4.86301
1,1.96106,5.55059,19.3912,5.55059
1,1.83593,5.49502,17.9394,5.49502
1,1.74649,5.21338,16.9914,5.21338
1,1.67868,4.78058,15.8866,4.78058
1,1.72579,4.67087,15.1982,4.67087
1,1.78469,5.33784,17.6172,5.33784
1,1.87738,5.62182,19.3063,5.62182
1,1.65537,4.58569,16.325,4.58569
1,1.7263,4.71897,15.7048,4.71897
1,1.70059,4.61364,16.396,4.61364
1,1.77165,4.79941,17.5962,4.79941
1,1.66879,4.68903,17.6784,4.68903
1,1.67386,4.89165,16.852,4.89165
1,1.66797,4.57222,15.8479,4.57222
1,1.78053,4.98592,17.0107,4.98592
1,1.68937,4.68833,15.6848,4.68833
1,1.77339,4.83911,18.4866,4.83911
1,1.84858,4.97915,20.3094,4.97915
1,1.73131,4.72923,16.1486,4.72923
1,1.87612,5.55866,19.5768,5.55866
1,2.00591,5.92379,23.4321,5.92379
1,1.6068,4.49913,16.3712,4.49913
1,1.9703,5.94698,21.8248,5.94698
1,1.83187,5.43348,18.4916,5.43348
1,2.03918,6.42804,23.2826,6.42804
1,1.96993,5.99997,20.6945,5.99997
1,1.93605,6.02369,20.4244,6.02369
1,2.04472,6.74178,25.7166,6.74178
1,2.075241024,6.75444932,22.44018763,6.388827058
1,2.084889659,6.213651577,22.71641822,6.300534592
1,1.814095435,5.449718016,19.17407626,5.512046703
1,1.716377663,5.587580015,19.31847909,5.698536658
1,1.764501794,5.652102009,20.72161465,6.001676302
1,2.051378833,6.776034937,22.2078065,6.486850666
1,2.062729192,6.141902496,20.14499789,6.116650716
1,2.10370878,8.147798424,29.42572489,7.890095164
1,1.809120487,6.113428923,21.07808228,6.24491819
1,1.940539687,5.603267517,17.95719528,5.739363443
1,1.891839631,5.545744772,20.48627616,5.708569033
1,1.84631727,6.425102329,22.31185779,6.280349108
1,1.996775311,5.857532282,20.66125007,5.909585525
1,1.952851992,7.241567951,23.92907541,7.311221981
1,1.896946715,5.60818808,20.9681237,5.74863812
1,2.135895563,6.046533471,26.13072147,5.617413659
1,1.974576463,6.064641219,21.09047685,6.503150887
1,2.020498502,5.919613632,20.66991401,5.951907013
1,1.878694179,6.208194281,20.18614596,5.836157722
1,1.825583556,5.899700097,20.77199604,5.957720013
1,1.93336888,6.142763378,20.78024799,6.255957223
1,1.90344525,5.851735346,19.29559012,5.765091571
1,1.973897926,5.987184532,18.83799417,6.115094741
1,1.897276767,6.08569637,18.41402215,5.856297865
1,2.05118613,7.233502671,24.60939539,7.071013166
1,2.109146576,5.892753445,22.50730152,5.776441784
1,1.845980357,5.642997184,19.31520053,5.558060777
1,2.0603766,5.042180526,18.98057138,4.984846366
1,1.569837789,4.344017187,15.64231355,4.536284699
1,1.825799748,4.695031518,16.72303187,4.61236618
1,1.733657747,4.211696597,17.62896653,4.289782657
1,1.966693734,6.572438493,19.68950696,6.793328237
1,1.643049107,4.087394718,13.99390845,3.968859144
1,1.758932145,4.56757509,17.10544285,4.528428965
1,2.054150385,6.962196631,24.83648381,7.184594877
1,2.29317489,8.861711104,29.89447431,8.911948591
1,1.981204814,6.441927054,20.43074106,6.658273715
1,1.982335472,6.438164021,23.33149288,6.547779335
1,1.983095307,6.36631615,19.95234254,6.189488187
1,2.134406287,6.168316061,23.67609194,6.284585341
1,1.829038673,5.069661291,16.28055732,4.962339435
1,2.002563885,4.769712759,16.34483764,4.86285728
1,2.090642739,6.896435538,23.98842683,7.212896174
1,1.857855485,4.789027665,15.84217831,4.869556869
1,1.832867499,5.115402269,18.05696574,4.982901429
1,1.668518134,4.51231975,16.29023701,4.372678403
1,1.831609826,4.601929548,16.39528058,4.675359903
1,1.659988855,4.519415686,15.12794781,4.630573845
1,1.704628191,4.439480465,16.5604904,4.426553816
1,1.747832522,4.73196474,18.19434912,4.796751746
1,2.033163486,6.291188047,20.0154103,6.040980596
1,1.916005001,6.067260825,19.85094756,6.025125937
1,1.942764459,5.973665142,19.37897249,6.021514397
1,1.900075685,6.349643197,20.92197787,6.225241345
1,1.74749643,5.030848891,18.03376405,5.027485326
1,1.977870432,5.638598504,17.96930881,5.626806566
1,2.103353556,7.849240097,26.50007827,7.302459354
1,2.0915954,6.960691738,25.80145033,6.393374868
1,2.146748796,6.825041397,23.86254316,6.694893242
1,1.892395734,6.398896341,21.21932523,6.02077771
1,1.780004541,4.980081923,18.07091015,4.785194331
1,2.065488458,6.721609748,25.24630749,6.740682687
1,2.134151515,6.355704259,33.75673772,6.383461466
1,1.898604253,6.232865578,23.49298717,6.321997179
1,2.047431355,6.141265477,21.03733878,6.282170061
1,1.946510665,6.374438051,24.25422031,6.158408723
1,2.010000932,5.09189124,17.29865452,5.486555752
1,1.720493563,5.088276181,17.09341391,4.922727916
1,1.959830999,4.916010192,20.58521474,5.323707368
1,1.838101118,5.774682024,19.72679774,5.998754614
1,2.212703903,6.503397971,26.5390147,6.626646891
1,1.791769694,5.007749147,15.32554414,4.8764995
1,2.042972831,5.929414935,20.2598153,5.830573638
1,1.94751225,5.679720845,19.53080607,5.543792831
1,1.878442159,5.570292758,18.19600276,5.26677439
1,1.801834981,4.902457157,16.91480372,5.23066921
1,1.742531411,4.909813583,16.51723215,5.107020144
1,1.810289588,5.571626413,17.9567647,5.440257441
1,1.945682345,5.848262646,20.20196794,5.758268486
1,1.791282255,4.692131212,16.68127762,4.870356802
1,1.853779127,5.008353249,16.22173353,5.090832777
1,1.782381735,5.029311429,16.57104037,4.938149593
1,1.864796796,5.041798349,19.30435821,5.02106003
1,1.825512565,4.833600212,18.89318994,4.744300331
1,1.752118666,4.983549315,18.40583067,5.115283385
1,1.787888283,4.677011093,16.98208989,4.781175375
1,1.938407413,5.146314182,17.87341274,4.999891492
1,1.830591826,4.947855313,15.89029323,5.14888026
1,1.913702404,5.167608308,19.23599725,4.894986775
1,1.941399478,5.367570101,21.81074557,5.170586347
1,1.854647385,4.798580276,17.39557444,4.779134099
1,2.024081709,6.040951306,20.51531329,5.862080576
1,2.037618148,6.407111624,25.18152067,6.483276111
1,1.691743825,4.824230891,17.19862658,4.710695311
1,2.141326463,6.058426323,22.1756062,6.212597897
1,1.945706965,5.818854672,19.75978476,5.540066582
1,2.231148104,6.78367614,23.75620425,7.038188229
1,2.002657134,6.576623788,21.64623228,6.53357201
1,1.99346782,6.385905834,20.52959356,6.575319678
1,2.204571,7.119844703,28.12838101,7.280713787
1,1.933215528,6.603083065,21.77384333,6.239645797
1,1.883510492,5.962246932,20.57462089,5.982574838
1,1.728347922,5.412204295,18.1237344,5.510238975
1,1.74895667,5.514920636,19.27907624,5.593561878
1,1.731044144,5.500644565,20.00460238,5.363654604
1,2.062914789,6.203656927,20.94325955,6.073606148
1,1.962759228,5.932930428,18.41549833,5.784090308
1,2.012467235,7.682390266,26.74044414,8.045208344
1,1.779603309,5.836811339,20.06706722,5.531092225
1,1.726705003,5.515644255,18.04054467,5.338005056
1,1.784642634,5.462999821,18.61806663,5.259017871
1,1.784508879,6.253784496,20.75695929,6.446340715
1,1.877995939,5.778099309,19.31964893,5.374956544
1,1.931861004,6.756757577,22.26125865,6.793734311
1,1.968459867,5.76101599,19.46514937,5.59351149
1,2.009161204,5.399684619,24.65869266,5.439958199
1,1.878238356,5.885937111,19.85459198,6.069499865
1,1.927702684,6.155656778,20.93921556,6.069049213
1,1.786424495,5.856780453,21.1307515,5.796804519
1,1.697171977,5.243587875,20.94551086,5.181779232
1,1.897188431,6.151241223,20.24710966,6.110564598
1,1.714239525,5.218553301,18.25182551,5.244216743
1,1.862854886,5.582857858,18.47301297,5.407308442
1,1.916202624,5.81090886,18.74202473,5.329687751
1,1.945083836,6.520539083,22.77941253,6.588859316
1,2.035117391,5.765600551,20.52672526,5.399141763
1,1.844648094,5.350769254,18.15914264,5.542223763
1,1.901583953,4.932353514,18.34927412,4.722457273
1,1.510403719,4.304657274,13.95199743,4.011862302
1,1.658634571,4.316151074,15.84725012,4.433374581
1,1.557167649,3.936783105,16.92425093,4.131655099
1,1.964850225,6.589307883,19.47959219,6.156673716
1,1.62143141,3.800563873,13.41059453,4.052347621
1,1.692346546,4.551184326,15.83883428,4.403714203
1,2.091368913,6.711646158,25.37505469,6.55197492
1,2.113056306,7.879484331,27.04759763,7.825044973
1,1.812228229,6.420153741,19.97322207,5.974663831
1,1.94193799,6.21925222,23.13572867,5.916833973
1,1.84941622,6.11984879,20.19252253,5.814029709
1,2.04231253,6.042826351,22.15191217,6.061200803
1,1.758424979,4.71365308,15.56880713,5.119725195
1,1.843118627,4.819839493,16.01853026,4.703900243
1,2.075421686,6.414249149,22.68872351,6.818924849
1,1.619533072,4.615367163,15.08276107,4.590158007
1,1.652684363,4.81439017,17.33353478,4.66273955
1,1.619459362,4.233076045,16.01585116,4.361812976
1,1.696459984,4.451137773,15.64626589,4.487129012
1,1.565180729,4.294567065,13.75497932,4.387275435
1,1.556132952,4.201490302,15.8629461,4.182376656
1,1.761011257,4.895662179,16.67830649,4.527337592
1,1.903824352,5.854910473,19.41615545,5.922631946
1,1.907536512,5.531927448,19.44727396,5.578795655
1,1.905111956,5.671928119,19.78181173,5.304550534
1,1.948467847,6.30781836,21.10415128,6.258628392
1,1.714898483,4.709081152,15.74355518,4.63395684
1,1.788311879,5.441872754,17.8103404,5.590106697
1,1.94525141,7.187004852,24.31805504,7.345063064
1,1.90403179,6.431135448,24.04149947,6.389775557
1,1.990530846,6.915608608,21.07489919,6.421933405
1,1.834790842,6.072053272,20.39635158,6.007994082
1,1.655189999,4.633907623,16.64895439,4.704573172
1,2.013714615,5.993714034,23.06076501,6.330838935
1,2.078090469,5.798008129,32.18673466,6.020752368
1,1.769711448,6.451527902,22.07104025,6.156339825
1,1.85591535,6.284312973,19.03392914,5.860990306
1,1.876168039,5.813097962,23.10387509,5.811986257
1,1.787534489,5.292803996,16.55734832,4.850408396
1,1.611717054,4.645109015,16.18844578,4.823115319
1,1.782834765,5.016939953,19.39517709,4.97162863
1,1.782510838,5.461148822,19.96496416,5.675259418
1,2.02215816,6.29323851,25.52962234,5.864511803
1,1.689330124,4.8268888,15.35047085,4.792803068
1,1.926331965,5.80963529,19.64645687,5.514337724
1,1.876030179,5.386433866,17.47639177,5.682657177
1,1.786696336,5.293396456,16.60042076,5.076615108
1,1.703874957,4.893705746,16.04443425,4.566402193
1,1.774056902,4.587584397,15.11832422,4.871898031
1,1.811348121,5.397014157,18.01461134,5.396457461
1,1.825276088,5.529325281,19.90456069,5.705809042
1,1.691294426,4.396756187,16.18217768,4.659311306
1,1.797749343,4.522891374,15.18065126,4.593802048
1,1.646559682,4.472619263,17.14041867,4.439006652
1,1.771488323,5.032438156,17.80589996,4.669417527
1,1.663545306,4.877703989,17.89765191,4.652103761
1,1.613458906,4.790992733,16.26647999,5.066323135
1,1.634815086,4.568716732,15.12324021,4.437673796
1,1.696519982,5.045465142,17.09429131,5.080531394
1,1.624449759,4.498540218,15.02605184,4.754542965
1,1.769338599,4.653694549,18.74287669,4.674233871
1,1.879447146,5.01697169,21.09619633,5.176050287
1,1.728846696,4.862883796,15.98845599,4.77068694
1,1.949667109,5.69381932,18.98395125,5.562974336
1,2.054252436,5.775617249,22.83922232,5.742471943
1,1.627174958,4.601128792,17.0516645,4.49147165
1,2.052932906,6.012262459,21.9692964,5.961982878
1,1.813035126,5.701439727,18.53212466,5.229288601
1,2.043353117,6.462408934,23.25631775,6.518964127
1,1.901315888,6.291110896,20.44350839,6.009400578
1,1.962682322,5.938005432,20.21509257,6.226596221
1,2.132750358,6.438265446,26.71143401,6.844265506
1,2.028865503,6.454746699,20.66907709,6.428137097
1,1.991056455,6.16495927,20.54336012,6.062614945
1,1.730171788,5.23965776,17.75626983,5.008044943
1,1.61579597,5.654465841,19.5294859,5.40863897
1,1.682120933,5.631066455,20.19551262,5.519769534
1,1.995254538,6.391401506,20.90077135,6.250223995
1,1.936756427,5.647176636,18.69893727,5.866228688
1,2.01322839,8.039797192,25.87105506,7.847289273
1,1.735217668,5.582446085,19.04080214,5.879562695
1,1.699575291,5.345007009,18.15334676,5.139849126
1,1.914147742,5.173268937,18.11362932,5.191158774
1,1.757131769,6.302832195,20.31671135,6.109696191
1,1.851950942,5.506659029,19.39986505,5.417529913
1,1.992664874,7.015647116,22.45817502,6.631259931
1,1.941372814,5.54360448,19.60894255,5.30310307
1,1.940164558,5.314149018,24.82606895,5.62941113
1,1.90000821,5.810757902,19.28795502,5.988779989
1,1.834595253,5.592876022,19.35225999,5.634324299
1,1.777708644,5.906310309,19.40300933,5.853181329
1,1.72476626,5.218986643,19.99822582,5.240685782
1,1.851830247,5.97646735,18.69353421,5.871937743
1,1.739055494,5.28604446,17.69031502,5.24741567
1,1.802970124,5.508562061,17.27353527,5.492142714
1,1.8554249,5.730784274,17.64122385,5.403940037
1,2.030310887,6.902626195,23.31766224,6.951674759
1,1.89587039,5.399514594,20.27320195,5.236501474
1,1.787492057,5.302366843,18.55375846,5.346755478
1,1.969527613,4.81358386,18.99628859,5.079737843
1,1.560147473,4.314884076,14.1359488,4.294615646
1,1.724997548,4.151193751,16.11243955,4.303641503
1,1.591535693,4.032941583,16.52589441,3.906282336
1,1.949025148,6.221753779,19.27490205,6.494485349
1,1.587580983,3.863948005,13.08582192,4.016416093
1,1.665416185,4.453183479,15.45613731,4.308656119
1,2.021909221,7.040838687,24.8282908,7.073235736
1,2.123848062,8.288884881,29.20995396,7.929593111
1,1.781301881,5.88937787,20.09645144,6.437161705
1,1.997570497,5.984537393,22.18736575,6.027064165
1,1.891025492,6.097036925,18.98727848,6.187389202
1,1.894336273,5.824992197,21.55869627,6.269380428
1,1.708719051,5.147540824,15.18287444,4.747638841
1,1.72620086,4.656461555,16.10577528,4.870604458
1,1.898633498,6.609978035,22.66981442,6.621229101
1,1.726679768,4.535640523,15.22327789,4.383936574
1,1.717049003,4.781030226,16.42179178,4.872322723
1,1.517292391,4.307420364,16.12296341,4.482717179
1,1.653469134,4.505980567,15.9647043,4.359052807
1,1.649406298,4.392368568,14.48599085,4.31718531
1,1.536634582,4.014371123,14.56762882,4.156144153
1,1.656906075,4.522491932,17.00256186,4.599355712
1,1.930804876,5.800752245,18.13931454,5.904631411
1,1.80108761,5.839769148,17.91563398,5.408616964
1,1.791989746,5.605421771,19.73667888,5.457952524
1,1.900545754,5.885307303,19.81803117,6.039952195
1,1.716461707,4.715135674,16.51567296,4.756266647
1,1.877245186,5.252397768,17.00250272,5.222146299
1,1.926293446,7.013786299,24.63534389,7.453835311
1,1.89531286,6.260251005,24.7818721,6.485618228
1,1.903745174,6.402666582,21.27460714,6.49415087
1,1.931441009,6.086662109,21.45788107,5.55349685
1,1.670385317,4.777624344,17.0361225,4.642160044
1,1.900676786,6.408301842,23.73821973,6.241705105
1,2.116780847,6.02850523,33.03050321,6.076966797
1,1.836627969,6.427006215,21.69585976,5.830514567
1,1.86354017,6.256750642,19.33691837,6.032438213
1,1.989702003,5.901072808,21.47433382,5.93053147
1,1.837102262,4.931619619,17.22544138,4.994273768
1,1.673025902,4.637536224,16.52008531,4.515386169
1,1.800952407,4.681325341,18.14916541,5.078578492
1,1.764973801,5.740751064,19.09316221,5.632839043
1,2.11086204,6.070896858,26.70931626,6.224799634
1,1.794412136,4.977085113,15.71998348,4.974703988
1,1.884696718,5.787987179,18.72440301,5.286564974
1,1.76598646,5.397534182,18.40013063,5.616491536
1,1.748105102,5.184283043,17.74091319,5.29884945
1,1.696607577,4.976807565,15.45642649,4.676731673
1,1.742804406,4.764593991,14.55161526,4.440235217
1,1.801148147,5.383716272,17.09452207,5.313373193
1,1.902827592,5.395104766,19.8043586,5.77766092
1,1.617657958,4.339280736,16.13948015,4.572133502
1,1.708870084,4.774319769,15.44312133,4.808857378
1,1.710846217,4.374025882,16.86965787,4.592243389
1,1.820516832,4.613173731,17.93506845,4.775743798
1,1.681183531,4.676943494,18.44387208,4.473740872
1,1.694791401,4.89272985,16.71627952,4.919889931
1,1.641090244,4.388112488,16.44373505,4.354035356
1,1.748564491,4.914464176,17.707503,4.973443771
1,1.7291403,4.645238991,15.86740391,4.847512468
1,1.709840794,4.835918269,17.98270877,4.692554756
1,1.753367688,4.80523244,19.78385305,4.937702165
1,1.66297965,4.816244159,16.79943662,4.936038542
1,1.945173075,5.682708629,19.75670232,5.278585193
1,2.095788015,5.701139474,23.73725323,5.903481139
1,1.612884602,4.673453939,16.74511317,4.368245749
1,1.980255496,6.113170921,20.94902143,6.087201136
1,1.82652882,5.521533244,17.7342056,5.582608639
1,2.029685443,6.409543141,23.6802709,6.331266915
1,2.041935272,6.027107314,20.85957745,5.83026619
1,1.876799324,6.131520512,20.88489147,6.235332088
1,1.946771603,6.928220857,24.54444274,6.996160104
1,2.045442788,6.970981218,22.52314398,6.326422292
1,2.006510251,6.076149018,22.85230803,6.44141907
1,1.729790242,5.221118025,18.33801651,5.408143814
1,1.778229566,5.388819292,18.37481381,5.729681092
1,1.756007597,5.707292547,21.5515326,5.955426777
1,2.066219457,6.480440377,21.63631606,6.552753244
1,2.036579457,6.052992983,19.96918189,6.07499151
1,2.069285314,8.428561263,27.81130259,8.186737918
1,1.81924399,6.198266394,20.358552,6.28729016
1,1.98730811,5.412798929,18.28806315,5.552073605
1,1.950748532,5.683389605,21.14229516,5.831709289
1,1.890234596,6.099176898,23.25357197,6.140062259
1,2.060486022,5.96470973,20.46693937,5.758495903
1,1.930567589,6.846303508,24.37985544,7.267599189
1,1.828008903,5.334321702,21.85202275,5.454606595
1,2.080517415,5.909094345,26.90869387,5.370205289
1,1.911803188,6.102520959,20.71145035,6.695624899
1,2.003723589,5.836447915,21.03487814,6.080138289
1,1.831251554,6.015111628,19.1490821,5.575706146
1,1.894187145,6.103601193,20.26934412,6.187141263
1,1.90228561,6.367999325,19.88293678,6.379380595
1,1.888933852,5.846689768,18.27055986,5.876767169
1,2.026836034,6.175373337,19.09398617,6.153969503
1,1.897127158,6.318320413,19.22221146,5.97536859
1,2.046645242,7.315544902,25.64231519,7.321849377
1,2.041653857,5.751020489,22.8337003,6.022009007
1,1.752830192,5.378758661,18.36713597,5.708445193
1,2.028961787,5.17202419,18.90379623,5.075483779
1,1.574380979,4.127603796,15.29163677,4.35476976
1,1.840091175,4.905648783,17.33867858,4.615770764
1,1.733619937,4.15705371,17.84895553,4.412661744
1,1.86436085,6.814478899,19.91898108,6.894977653
1,1.627663311,4.197768945,14.28645352,3.912271636
1,1.72186021,4.52402214,17.79417977,4.426943343
1,2.008137938,6.67132961,23.92062236,6.968653873
1,2.319907823,8.659535683,29.33290659,8.741549625
1,1.963544252,6.198995172,19.91211662,6.716946793
1,2.004069731,6.447655452,23.65172003,6.451853631
1,1.989053776,6.47038717,20.13927398,5.916774094
1,2.157147098,5.87408683,24.68769824,6.095679551
1,1.746201569,5.276758357,15.57516592,4.828092466
1,1.958329522,4.708219443,16.16750463,4.742825507
1,2.066150247,6.990891664,23.06016447,7.442430887
1,1.786421993,4.538903372,15.20278928,4.66944658
1,1.813025941,4.845799043,17.32839457,5.098847808
1,1.620336393,4.592125366,16.64794332,4.32144356
1,1.784231615,4.561551114,15.84590737,4.729390172
1,1.617270174,4.315427481,15.61726625,4.403215449
1,1.635215362,4.536836058,15.89499128,4.536830246
1,1.822588489,4.921195289,18.34881679,4.748882198
1,2.036571082,6.321895211,19.25355324,5.896098905
1,1.933925036,5.957021944,19.14368992,6.13244751
1,1.968129056,6.145917671,19.07650604,5.807246359
1,1.929029285,6.343181908,21.84182815,6.365176421
1,1.718469463,5.087768766,18.40033656,5.052935008
1,1.998856332,5.341321864,18.6715826,5.360552344
1,1.992069813,7.636599051,27.44423476,6.981390983
1,2.176035255,6.6321719,24.68443108,6.071995972
1,2.087078787,7.003503885,24.35486289,6.40124159
1,1.912940714,6.125292916,20.89045895,5.690147126
1,1.74033282,4.817473423,18.12409557,4.736216095
1,2.020027035,6.453322713,24.58057542,6.80858464
1,2.107350515,6.487444297,34.1908028,6.243530966
1,1.803452256,5.947967695,24.21214312,6.316446813
1,1.936264258,6.402092387,20.08044825,6.540000103
1,1.943516062,6.063957823,24.51875835,6.053601719
1,1.996762718,5.080667306,16.3889596,5.679464299
1,1.780475602,5.240394064,17.37400087,5.031500301
1,2.03490655,4.999172565,20.51191634,5.503413025
1,1.803873024,5.872144931,19.30319748,6.02957043
1,2.182905006,6.215574713,27.31535648,6.426962923
1,1.773887224,5.08138092,15.99640266,5.091639731
1,2.050364328,6.150090646,19.26092163,5.630019607
1,1.986752739,5.899687327,19.17559906,5.654922088
1,1.948822087,5.333678712,17.63833978,5.481802713
1,1.838686173,4.651821947,17.09676162,5.389646587
1,1.653591336,4.837288292,16.62482434,5.013383458
1,1.772022897,5.788674258,17.29924957,5.499594955
1,1.9890427,5.586068502,20.30409584,5.623058025
1,1.738946171,4.71045422,15.99899655,5.082230438
1,1.790515033,4.947060104,16.53173212,5.067289039
1,1.686822936,4.802452696,16.11552805,4.880333079
1,1.856121165,4.865007608,19.42380178,4.886478276
1,1.832394885,4.626055985,19.61894349,4.641771673
1,1.778126399,4.727269038,17.77140163,5.258062971
1,1.809177679,4.858835137,16.77466916,4.697519645
1,1.978115119,5.027627427,17.11716157,5.217975832
1,1.78493601,4.79011467,15.84841654,5.208008081
1,1.815647112,5.133756176,18.27999745,5.085105148
1,1.869542084,5.412783125,20.89384322,5.313035152
1,1.842303123,4.805063999,18.02245831,4.898977304
1,2.044022112,5.898935305,20.62330744,5.779147918
1,2.106189547,6.634574035,25.92875562,6.493420257
1,1.73001491,4.578126795,17.03550622,4.597301256
1,2.112836104,6.28070882,21.09959162,6.456689825
1,1.901089918,5.959357959,18.87778334,5.605726072
1,2.2372515,6.511413179,23.51487664,7.020712073
1,2.006409523,6.57332843,21.63101855,6.512498203
1,2.004098399,6.627639016,21.09338095,6.779803952
1,2.109316526,6.76276412,27.93288793,6.977843765
1,1.989438724,6.723047036,21.36475581,5.914900325
1,1.949414704,5.951197597,20.08154579,6.070645824
1,1.718065214,5.434586859,18.1620759,5.334282438
1,1.826244287,5.738973829,19.21194274,5.290094983
1,1.72223058,5.330906436,19.07200234,5.46256598
1,2.024125961,6.040568375,20.61243711,6.145240597
1,2.031034852,6.043595934,18.23271983,5.993068817
1,1.951996396,7.268721888,26.6742016,8.088035538
1,1.837068127,5.616479161,20.40634077,5.407917265
1,1.642415247,5.316305746,18.4416969,5.345977817
1,1.751639979,5.546330129,19.04059924,5.277417639
1,1.774843818,5.940615327,20.2575143,6.097319108
1,1.911423994,5.930762333,19.64617472,5.41994571
1,1.919168839,6.445509928,21.83350726,6.965925967
1,1.99072309,5.516917989,18.68067312,5.312760218
1,2.028906448,5.371065865,24.65790984,5.488401659
1,1.798484052,5.824729753,20.62771364,6.09516608
1,1.822831749,6.202874462,21.33297037,6.051468409
1,1.797014587,5.94136544,21.6124819,5.765258467
1,1.713783035,5.245604416,21.70755318,5.144506312
1,1.872681361,6.298502671,19.54112378,5.898519724
1,1.668988413,4.951538729,17.69693146,5.282556112
1,1.887696116,5.434431227,18.27829428,5.256551254
1,1.96352808,5.85240889,18.7072753,5.32209464
1,1.989256152,6.221682487,22.92251306,6.417322214
1,1.985186425,5.767403552,21.33403535,5.460672506
1,1.782001148,5.208621589,18.11662744,5.291732554
1,1.973094383,5.04008154,18.29048656,4.515583479
1,1.562638627,4.106623318,13.8852846,4.117284914
1,1.575341934,4.404569018,15.25009339,4.332940417
1,1.571324982,3.843724355,16.1179404,3.993980491
1,1.954583074,6.615143849,18.97752812,6.083900204
1,1.549987053,3.923123627,13.79648795,4.108241114
1,1.764566128,4.384098842,16.31843054,4.335360244
1,2.168972858,6.422224773,25.83109263,6.517665424
1,2.080313811,8.086983217,26.55170042,7.896866982
1,1.775494537,6.276058679,20.24355814,6.015740665
1,1.881775411,5.942688565,23.6394792,5.744157788
1,1.925811157,6.084583787,19.29173472,5.606663422
1,2.073384509,5.876655023,22.20104299,5.801767136
1,1.786986086,4.530046163,16.10025628,4.986061001
1,1.888146718,4.606931898,15.74634299,4.61705592
1,2.061880102,6.404074432,22.39160017,6.65012912
1,1.561587678,4.482919952,15.65210899,4.683093716
1,1.659933147,4.875538182,17.08389488,4.470159242
1,1.577635318,4.168136717,15.30685378,4.373638303
1,1.768904649,4.545813544,15.10276975,4.427720875
1,1.578143064,4.369105251,13.19806832,4.239677869
1,1.613196606,4.095813792,15.88069285,4.284097337
1,1.720795037,4.743947479,16.99961966,4.480196573
1,1.963501494,5.72568419,19.16160922,5.815354205
1,1.838330394,5.294359372,19.21416061,5.648764746
1,1.838484276,5.506115882,20.52370051,5.540544888
1,2.022869176,6.485348013,20.18755087,6.06082583
1,1.637187775,4.837241104,16.15595101,4.690529834
1,1.810622566,5.300670189,18.15870663,5.58735855
1,1.992205201,7.223284464,23.33006006,6.952428567
1,1.891830947,6.149965645,24.85277441,6.126479807
1,1.949966699,7.065510216,21.30543872,6.438298496
1,1.903361098,6.122496264,20.252784,5.861921781
1,1.707010819,4.747365529,16.60727359,4.62542405
1,2.097309919,6.137885757,22.0838562,6.572849775
1,2.075433713,5.514694873,30.4616635,6.27019578
1,1.804320104,6.398133434,20.96263276,6.339623065
1,1.831116393,6.264149125,18.70364449,5.795357855
1,1.95249795,6.063706964,23.20987463,5.966760669
1,1.802877438,5.027451014,16.02205293,4.741996897
1,1.538815019,4.499493479,16.79652347,4.815099509
1,1.862178749,5.10371402,19.96219831,4.794131932
1,1.707893481,5.592322336,20.4949716,5.503143493
1,1.941083317,6.296691802,24.9548871,5.823538593
1,1.730904488,4.971603481,14.59874544,4.824957862
1,1.904884597,5.671937963,19.83188386,5.653450748
1,1.802268933,5.51516621,17.0978058,5.538293928
1,1.860819076,5.057387169,17.19021032,4.81990145
1,1.629053855,4.966150074,15.82572011,4.386347164
1,1.758814965,4.710460223,15.58663508,4.716181647
1,1.804852361,5.235522339,17.63243971,5.499735748
1,1.887378254,5.250055789,20.10729466,5.441266568
1,1.601503039,4.400489497,15.50351314,4.779408609
1,1.752453705,4.518270573,15.79336409,4.626526735
1,1.606382623,4.400506478,16.82091879,4.365215061
1,1.690017895,4.758839895,17.16508689,4.499259766
1,1.69626927,4.866184795,18.00723828,4.781023691
1,1.543086955,4.75442783,16.62230891,5.080535442
1,1.628892467,4.42866598,14.29447527,4.513744016
1,1.722749786,5.185356983,16.71647817,5.288794172
1,1.625121784,4.4133093,15.53994453,4.861012192
1,1.842495509,4.828701723,18.96768215,4.72929926
1,1.953362121,4.862020303,21.01550979,5.057081936
1,1.801222379,4.890386081,16.00129067,4.651766378
1,2.029694681,5.7938238,19.3097186,5.66413501
1,2.101153337,5.709423448,22.42469,5.633399246
1,1.580520537,4.479934159,17.76062647,4.361980766
1,2.085079577,6.120256785,21.68385821,6.00752871
1,1.866935189,5.574567411,17.51389204,5.12637471
1,2.011390386,6.209596362,23.61123695,6.189604698
1,1.895809389,6.568516713,20.07736901,5.967913262
1,1.999536826,5.799568046,20.0332896,6.065037386
1,2.137015953,6.172803962,27.65256303,7.120195371
1,2.21012718,6.574709886,23.81785299,7.080461461
1,2.060437446,6.654398868,21.97648773,6.768197408
1,1.900273694,5.694382413,19.15222817,5.412157734
1,1.769943278,5.822613492,20.57440329,5.767816341
1,1.874214548,5.89166373,20.35487275,5.960072839
1,2.207584389,6.628244043,22.54808083,6.953191816
1,2.070670068,6.019980135,20.80308168,6.277367683
1,2.178362366,8.00893138,27.55995998,8.49159471
1,1.966323347,6.240028685,22.09652511,5.919388242
1,1.972150794,5.900441802,18.7200135,5.515941562
1,1.961754615,5.616839783,20.3400309,5.692906215
1,1.905929496,6.611564419,23.00746591,6.735740954
1,2.012264629,6.013675895,19.85964692,5.90310078
1,2.046315877,7.504922581,24.79581778,7.673879873
1,1.945387079,5.797969153,21.55885714,6.014550329
1,2.071367481,5.827216881,25.40864807,5.814111088
1,2.003549658,6.167010962,19.90760226,6.168862761
1,1.897153861,6.05822287,21.06977111,6.557235299
1,1.93214588,6.287414275,21.61730372,6.04154703
1,1.816197343,5.912359712,22.1223901,5.641084155
1,2.008917625,6.177975743,20.66576162,6.437515014
1,1.876377245,5.837099824,18.93474557,5.747307523
1,1.976014004,5.958399995,18.68995982,6.122376833
1,1.930648804,5.757213522,19.88509955,5.781922184
1,2.217582314,7.074026888,24.40619351,7.104134035
1,2.1686299,6.139028842,22.01146432,6.051124504
1,1.936955943,5.883056297,19.42877289,5.903788624
1,2.036406892,5.329700005,19.07516143,5.362006001
1,1.593370757,4.498644634,15.90768283,4.571979933
1,1.864522553,4.762592509,15.96958206,4.519217947
1,1.694188644,4.216989351,16.60709583,4.431063681
1,1.990948684,6.81926698,21.25712473,6.814527314
1,1.689302965,4.094381957,13.97950928,4.314649411
1,1.879973153,4.708103431,17.56933759,4.635134111
1,2.13879236,7.309859738,27.00156007,7.398645798
1,2.330533962,8.714753566,29.31956718,8.395646486
1,1.922294764,6.57588044,20.77384393,6.58280237
1,2.062118921,6.66349242,24.36760809,6.560590157
1,2.129278534,6.303016446,21.01201873,6.120990605
1,2.149523205,6.449623728,23.36083145,6.719499703
1,1.845348435,5.433149191,16.06600404,5.357090249
1,1.973635684,5.054768724,17.73540595,5.151610513
1,2.055629597,7.010774886,25.7714787,6.872628705
1,1.85734362,4.860085138,16.12365717,4.688335238
1,1.843248393,4.901010044,17.78695668,4.822969492
1,1.691610001,4.546862805,16.71646899,4.758141758
1,1.848204682,5.05288517,16.64027449,4.903576541
1,1.682187417,4.540875897,16.13964405,4.372248808
1,1.704690688,4.482917616,15.72912039,4.454731452
1,1.778301368,4.896263226,18.18878572,5.141769455
1,2.009203101,6.403977971,21.00928434,6.187714567
1,2.004548394,6.064724652,19.45348914,6.132553021
1,2.005276833,5.899465626,20.42616676,5.717779226
1,1.995328888,6.318928743,21.35277168,6.436101519
1,1.914951818,4.858243711,17.01308862,4.865051952
1,1.890944966,5.929632461,17.71049833,5.737035538
1,2.096080616,7.866780675,25.13577374,7.818004755
1,2.152250293,6.78185383,25.79817239,6.729328674
1,2.040117298,6.878974148,24.36710782,6.822566478
1,1.912564446,6.519269366,21.73550392,6.086279172
1,1.754190688,4.873030898,17.13460705,5.065140404
1,2.143800733,6.696292799,25.43416886,6.661097598
1,2.183067805,6.490676271,35.33068371,6.435908186
1,1.978825321,6.645331614,23.3448918,6.53268864
1,2.018056297,6.348834552,20.77270288,6.545284031
1,2.032553171,6.381148917,23.27270164,6.078576441
1,1.902614711,5.187944962,18.82596455,5.58578795
1,1.767960983,5.231258662,16.73623134,5.058420987
1,1.866234235,5.28795531,21.06873085,5.076148263
1,1.808148284,6.054173129,20.10627364,5.749596891
1,2.158128463,6.48706401,27.48362287,6.315117825
1,1.828443937,5.00563592,16.83221429,4.975472152
1,2.040126999,5.9146025,21.23389045,5.896240885
1,2.025660521,6.057818693,19.44763759,5.746725439
1,1.953338597,5.603328438,17.6941423,5.370034186
1,1.749242807,5.073139262,16.48173587,4.974669179
1,1.93066105,5.22975153,15.5205682,4.988611552
1,1.839452898,5.874200748,18.58678155,5.777913535
1,2.023500397,6.107016298,20.81533838,6.132954447
1,1.700576328,5.10048982,17.64739869,4.819949618
1,1.789942066,4.842746751,16.38185819,5.101337794
1,1.862059221,4.793334371,16.90902949,5.06556363
1,1.816459811,5.091263064,18.65630599,5.168783614
1,1.856056557,4.838162945,18.83289074,5.007849295
1,1.795411063,5.088675801,17.8151077,5.432510678
1,1.81218008,4.987261577,17.6135191,5.053499105
1,1.949605711,5.279432484,18.43963827,5.262552729
1,1.777333299,5.008269767,17.11894438,5.188914304
1,1.982179251,5.319044879,19.45258898,5.104281628
1,1.918608876,5.477974265,21.13970668,5.087309568
1,1.864687236,5.076146275,17.53263616,5.180466943
1,2.084759051,6.094546368,21.50380946,6.059180094
1,2.059036702,6.079833948,25.14635226,6.297812258
1,1.759340231,5.000183355,17.50322019,4.664330022
1,2.107792669,6.488773679,22.70582007,6.128444841
1,1.966505532,5.664018267,20.45971195,6.068635543
1,2.236317106,6.757312681,23.8041583,7.175202572
1,2.156146209,6.617371243,21.71518926,6.486641978
1,2.108197195,6.473999608,22.11199133,6.644353289
1,2.090381935,6.943338192,28.67215362,7.054507591
1,2.136528176,7.244267289,23.80616204,6.988696213
1,2.259119236,6.709576376,23.65712725,6.801897228
1,1.894456159,6.057493784,20.63849066,5.670151701
1,1.901443665,6.148881763,21.41674998,6.012159987
1,1.945129511,6.241401082,22.40849041,6.232449403
1,2.276269585,7.080041749,22.96519845,6.911274354
1,2.167867451,6.51069418,21.01049154,6.603167674
1,2.204653822,8.354872704,32.60326919,8.686372275
1,1.872366009,6.750699499,23.22427369,6.585806721
1,2.001843267,5.773526941,19.84879398,5.857958514
1,1.979382468,5.744296426,22.31719747,6.067849832
1,1.908601598,6.851326395,24.8296704,6.539412098
1,2.169233526,6.435507448,22.29761868,6.311945897
1,2.10782964,7.821469053,25.08006968,7.998455339
1,1.984224841,6.052010922,23.46164297,6.355545014
1,2.287103089,6.316329638,29.25096552,6.228672014
1,2.043880601,6.192380175,23.21640702,6.695951163
1,2.202916178,6.532485135,22.09071668,6.505159878
1,2.036298342,6.369943408,20.66630174,6.479426061
1,1.902581056,6.267826065,22.9450851,6.652860692
1,2.023818194,6.506968895,23.04374997,6.708899048
1,2.00912445,6.54167533,20.0785256,6.183322159
1,2.173392275,6.198886792,20.11811129,6.68557424
1,2.018232915,6.70418292,19.43252616,6.418990242
1,2.111775997,8.05475194,26.57051033,7.814830795
1,2.157172586,6.333736033,24.10217538,6.467753297
1,2.05968119,6.266446961,20.05111542,6.20314531
1,2.168922928,5.150677247,21.25640302,5.478542746
1,1.70199164,4.838506316,16.86485479,4.864136873
1,1.939665199,4.952379189,17.96318066,4.71864297
1,1.922976945,4.302765345,18.3148155,4.727242707
1,2.021413616,7.322995647,20.12636036,7.260755393
1,1.687225781,4.531895493,14.58497565,4.256789206
1,1.834602746,4.957233349,19.15634986,4.934051025
1,2.239097306,7.494318209,26.71353455,7.881262961
1,2.469970102,9.144069663,31.43589116,9.899458923
1,2.131935358,6.719880136,22.83555277,7.15333712
1,2.097733022,6.874243586,23.97786885,7.201815719
1,2.107622069,6.920900119,21.14460114,6.774290202
1,2.327590851,6.74146408,26.23388347,6.834771938
1,1.945106996,5.267996928,17.14419481,5.17083578
1,2.226990181,4.866512274,17.14180768,5.334240656
1,2.195038105,7.335419299,25.19898702,7.693140582
1,2.066468067,5.221982851,16.38839308,5.138207157
1,1.937822655,5.632067144,19.63020869,5.505473351
1,1.75286442,4.632809457,17.48298244,4.657946139
1,1.897317269,4.732638911,17.89552929,4.843784736
1,1.714712549,4.988313254,15.79697447,4.78215015
1,1.866568136,4.843793467,17.28616395,4.571269827
1,1.932070886,5.045142147,18.5633479,5.300730925
1,2.139133083,6.662022913,20.91413801,6.38661967
1,1.97813023,6.433751166,21.66202636,6.70715957
1,2.070562139,6.654679692,20.98586975,6.180365987
1,2.044699274,6.644644384,22.45404022,6.822474836
1,1.790702049,5.209063283,19.85735284,5.224574453
1,2.20914823,6.031993484,19.83799062,5.811994334
1,2.160797284,8.395106006,27.31401659,8.108390939
1,2.243050959,7.442799483,27.29692448,6.542886989
1,2.313121707,6.988539861,26.5478144,7.373761144
1,2.035117831,6.672536296,23.2210483,6.704866115
1,1.82558591,5.309351656,19.94406201,5.212438533
1,2.191559866,7.238481536,27.47687504,6.903589311
1,2.32612007,6.662113715,36.12733355,6.758533261
1,1.952757845,6.837579161,25.6602832,6.59372494
1,2.227065594,6.469263938,22.15760864,6.929937898
1,2.009490413,6.843556905,25.4013092,6.462945667
1,2.142814949,5.685154492,17.81038058,5.730295751
1,1.757949369,5.47034804,17.63033084,5.324568991
1,2.06047793,5.459193005,22.40582347,5.64056077
1,1.964214368,6.210410847,20.85208741,6.316028683
1,2.371826004,7.104742112,28.3041987,7.140546294
1,1.959613281,5.277886478,16.57707764,4.999291809
1,2.205937417,6.141507948,21.74903794,6.057027477
1,2.13983806,5.971038576,21.15585699,5.861876414
1,1.934334995,5.960982453,19.45959762,5.494631476
1,1.865627314,5.272348265,17.90840969,5.72850102
1,1.835214694,5.462447462,18.37608117,5.699201021
1,2.018022163,6.230638372,19.56378947,6.00488986
1,2.006847341,6.061011735,22.03892337,6.089479576
1,1.852273661,4.965075846,17.307982,5.198760917
1,2.040893279,5.198310328,17.89450933,5.568073035
1,1.979105822,5.390129948,17.5446152,5.240386205
1,2.045481451,5.431142212,20.87159857,5.293140911
1,1.912821326,5.117872855,20.2760214,5.138998093
1,1.833090236,5.470059329,20.3594767,5.559786106
1,1.964238067,5.009037973,17.68772936,4.909591241
1,2.121570297,5.267994509,19.49421964,5.151071406
1,2.002806331,5.334220675,16.24525655,5.329431441
1,2.074178775,5.528838656,20.343783,5.093006842
1,2.002137364,5.805003233,24.10495652,5.337711606
1,1.902512399,5.359828394,19.15992882,5.077044159
1,2.248445169,6.67889611,22.40578759,6.17994044
1,2.186300293,6.759803741,26.69231058,6.654976803
1,1.86062756,5.094873263,18.42027911,5.08801889
1,2.347414634,6.55844011,22.94227054,6.462056187
1,2.101174769,6.394003826,21.06351377,5.782003396
1,2.379176602,7.433029716,25.55181508,7.757319374
1,2.207860231,7.364272209,22.18509909,6.702253426
1,2.105795963,7.100219386,22.51087204,7.006098738
1,2.400231262,7.768005849,30.21199648,8.095319063
1,2.064940802,7.10294228,22.31359173,6.980807893
1,1.952341572,6.290063434,22.58706889,6.358245765
1,1.835835451,6.025010562,19.99436082,5.995734887
1,1.852342984,6.069224739,20.63061718,5.749314783
1,1.911515882,6.002227216,21.75612345,5.648402446
1,2.153129726,6.81003892,23.28450567,6.652858087
1,2.128106061,6.491899527,20.03579112,6.358204564
1,2.075431446,8.140304183,28.42881264,8.407027944
1,1.868603104,6.509259941,22.37567763,5.782235638
1,1.818958636,5.750341318,18.91625746,5.828793983
1,1.89679198,5.922581225,19.41137942,5.460244268
1,1.99430399,6.712843275,21.83525369,7.205267631
1,2.056659924,6.09208044,20.6404717,5.518022418
1,2.038305543,7.291806597,23.58095153,7.4319976
1,2.084476523,6.22896229,21.51128396,6.180664207
1,2.111625797,5.669644072,27.42135682,5.977651958
1,2.098450988,6.222784818,20.27276805,6.75823528
1,2.117962843,6.845765507,22.85484036,6.7740577
1,1.83256572,6.302473069,22.7253026,6.125257776
1,1.812793629,5.829834295,22.99824373,5.644202357
1,1.958465074,6.599704665,20.7276327,6.713977261
1,1.86535773,5.644920648,20.38498859,5.59766204
1,2.028585981,6.15594424,19.31585197,5.576268726
1,2.033859129,6.384577819,20.78845659,5.574704679
1,2.141593788,6.722865646,25.33144766,7.07865721
1,2.081322171,6.18399958,21.22634883,5.593343059
1,1.929838962,5.471209621,18.76654862,6.07391032
1,1.98989026,5.260951024,20.37770658,4.998696855
1,1.644048045,4.581134079,15.52148559,4.435847685
1,1.809208959,4.728181092,16.187833,4.823835495
1,1.611824738,4.404495886,18.52476483,4.53010779
1,2.055843031,7.31934416,20.58363721,6.888591426
1,1.723162076,3.964999596,14.4628256,4.246875179
1,1.742111734,4.853514996,17.40952993,4.673638725
1,2.317313333,7.40278226,28.29439979,7.046935771
1,2.254867187,8.326577129,30.05226745,8.707254862
1,1.896176645,6.999168799,21.77058386,6.361167444
1,2.060528408,6.431438388,24.51614612,6.546538833
1,2.004061261,6.588978761,20.65521309,6.066042081
1,2.131663719,6.601410029,24.72098636,6.511845977
1,1.910147113,5.174582376,16.65243012,5.452492574
1,2.041768998,5.177237445,16.5258671,5.146713983
1,2.27914632,6.62023265,24.79086124,7.404805719
1,1.739748431,4.718759932,15.52101929,4.957902055
1,1.696314587,5.201311948,17.76725186,5.156945156
1,1.680684589,4.394271966,17.73515604,4.514725923
1,1.894858422,4.925640514,16.62465398,4.986361009
1,1.645718643,4.809350079,15.07863856,4.802119949
1,1.618791121,4.53752244,16.44967521,4.396628476
1,1.970878136,5.286958602,17.87956623,4.8359821
1,1.972132324,6.360119515,19.83520437,6.049260874
1,1.994025023,5.913302347,20.78655322,5.748464123
1,1.968924448,5.804792935,21.71990208,5.919669379
1,2.041374808,6.525296224,22.77710713,6.869546022
1,1.900491462,4.907518384,16.98542008,5.086530565
1,1.935471816,5.716827585,19.67664195,5.912812227
1,2.113906103,7.458877659,26.45622068,7.49717379
1,2.110170656,6.954502485,25.17022786,6.642200662
1,2.225874986,7.645104475,22.7473677,6.658472371
1,1.885099872,6.498932238,21.12188635,6.212895607
1,1.847602253,5.002140189,17.50178435,5.217646137
1,2.244336476,6.653824726,24.41447517,7.027629528
1,2.263359452,6.18276509,35.29928536,6.695766191
1,1.833061248,6.59629082,24.45814629,6.46736735
1,1.912241421,7.019407727,20.50538782,6.436380204
1,2.028611308,6.491189177,25.66042995,6.391715399
1,1.936028689,5.539520664,16.90721738,5.395788746
1,1.738789217,5.12829222,17.94631382,5.215559441
1,1.864043078,5.477013764,21.18961222,5.142959729
1,1.918110345,5.869366688,21.36777892,6.110425142
1,2.165935672,6.627919878,28.47255247,6.012400331
1,1.871065088,5.196043926,16.70504314,5.238696319
1,2.112547591,6.220725531,21.54166629,5.698814591
1,1.963542013,5.955940523,18.69592366,5.904554949
1,1.892909345,5.899984902,17.38632891,5.680283146
1,1.841215863,5.320492094,17.7737221,4.865985593
1,1.909974798,4.83646031,16.28086137,5.144177056
1,1.951172187,5.890665019,19.5545082,5.594583057
1,2.020953443,5.743219966,21.94033735,6.177664228
1,1.816121865,4.888512623,16.80175453,4.835231782
1,1.928223196,4.85225889,15.98958765,5.059589979
1,1.821587563,4.721314328,17.9966376,4.886153725
1,1.819654735,5.235379343,18.17206288,4.780505145
1,1.737679981,5.183042188,18.6826388,4.978910424
1,1.718368097,4.89564152,16.73839901,5.1833567
1,1.71723534,4.777505317,15.56745143,4.772168307
1,1.778158962,5.43689963,19.06359921,5.656992035
1,1.669890436,4.930616812,15.88317913,4.909698023
1,1.889653601,5.147446359,20.97538881,4.771421545
1,2.060224172,5.446276283,22.40705684,5.405072774
1,1.813779851,5.086298548,16.52502376,5.016479887
1,2.080169894,6.105010412,20.21851481,6.135148499
1,2.250795982,6.24589812,25.18892499,6.163509868
1,1.751354456,5.045250931,17.70033017,4.757997647
1,2.288030807,6.136222962,23.09129169,6.415434699
1,1.906498068,6.219803834,18.97080077,5.827158463
1,2.129264613,6.660664353,24.94596291,7.121348845
1,2.075746675,6.762523134,20.9091915,6.283827094
1,2.064856696,6.560777049,21.59229238,6.812199662
1,2.315966407,6.894238906,27.97226143,7.355840785
1,2.213367896,7.212004769,23.3009232,6.916638949
1,2.227667157,6.926919442,22.81219684,6.600238367
1,1.886052404,5.823378718,19.45610408,5.941732255
1,1.861533579,6.360328766,20.46039784,6.186493029
1,1.997102253,6.297334772,22.23548849,5.98747729
1,2.086074739,6.902902981,23.24609409,6.931171731
1,2.129363112,6.304912371,21.38985866,6.700107051
1,2.356235169,8.759573402,30.4962419,8.478374538
1,1.899729689,6.320609838,21.40614816,6.20054814
1,1.985990884,5.701335207,19.4043407,5.669591638
1,1.99011427,5.827878562,20.36454842,6.146313404
1,1.996285262,7.053287319,23.69383419,6.615609727
1,1.978526732,6.374206077,20.05565665,6.398124138
1,2.098740642,7.991817069,24.99663123,7.517950185
1,2.036955166,6.123842679,22.19975174,6.159406242
1,2.096409292,6.170039518,26.32475869,6.10442824
1,2.199966117,6.799916048,20.66818959,6.24486283
1,1.98142426,6.317968251,22.41801252,6.299378484
1,1.968371759,6.171326474,22.2208487,6.217911904
1,1.946286313,5.878843369,21.25599375,5.778905484
1,2.1939112,6.780887011,21.19284597,6.74038118
1,1.847953072,5.834579071,19.69794586,6.07514157
1,2.080973045,6.193997213,20.12339775,6.077491364
1,1.933800976,6.347378237,20.99505977,6.185239625
1,2.13032293,7.277504302,25.16290889,7.501753476
1,2.185043172,6.243497361,24.12314685,6.138158022
1,1.944142944,6.027245956,19.00038705,5.988836188
1,2.20478004,5.462228166,19.77133432,5.501884615
1,1.758172167,4.439184239,15.92443963,4.72411533
1,1.898078386,4.643499911,16.92234098,4.58932834
1,1.715433767,4.492810475,17.75562536,4.608124401
1,2.184999537,7.232018942,22.38859746,6.940617027
1,1.724013133,4.303695944,14.81582591,4.405596627
1,1.786200589,5.063296707,17.10967264,4.824205006
1,2.298342805,7.373516357,26.69956342,7.379628046
1,2.519875018,8.635291023,29.56775126,8.990861072
1,2.057061716,6.957145002,21.8307693,6.680435569
1,2.162917663,6.997416626,25.23442152,6.819508276
1,2.183431481,6.705317,20.91012123,6.677355052
1,2.161670186,6.333021429,24.65805245,6.771014366
1,1.956398817,5.500845578,17.44885111,5.562036532
1,2.000801571,5.002453378,17.23131115,5.296357651
1,2.217132817,7.441110242,24.72610127,7.605753208
1,1.883445654,4.678427395,16.06849429,4.828983494
1,1.951821897,5.346418933,18.1666591,5.3029584
1,1.704447941,4.918750344,17.51835986,4.975182051
1,1.863642674,5.153049932,18.00430475,5.135502603
1,1.781402181,4.857321374,15.72519387,4.851942878
1,1.860737496,4.769890538,16.93330521,4.809969156
1,1.927743184,5.021695908,18.79064547,5.409051357
1,2.02623967,6.278273088,20.71608212,6.501954022
1,2.046311904,6.294044393,20.05405603,6.532526724
1,2.053072183,6.270361221,21.91714935,5.888350714
1,1.990879584,6.698239798,22.00736446,6.852371707
1,1.88786455,4.910119302,18.26505811,4.904131892
1,2.028629338,6.305819308,19.24260414,6.138531316
1,2.235170975,8.035086023,25.56617851,7.796531154
1,2.16779757,7.31805667,25.39636794,7.178261688
1,2.127692239,7.301260563,24.09403045,7.396401723
1,2.14280718,6.483792963,24.07973716,6.516236184
1,1.914911517,5.303570244,18.63362593,5.200780275
1,2.175203434,7.187562637,26.58966842,7.038965541
1,2.23314626,6.301200043,36.60800592,6.638026016
1,2.020704004,6.888141512,23.54783596,6.928308923
1,2.087636934,6.755247033,21.36275372,6.591046923
1,2.027559056,6.382902258,24.13422345,6.673188202
1,1.946128711,5.523460289,18.67894088,5.446447538
1,1.858386497,5.105146497,17.45455794,5.175778236
1,2.040414485,5.381024673,20.83982196,5.135210351
1,1.875164197,6.400231066,20.6542645,6.38716331
1,2.164623191,6.717874962,27.88048919,6.573570219
1,1.847828489,5.511793274,16.55269244,5.200368577
1,2.236538233,6.281150971,20.7954144,5.93427423
1,2.00017758,5.903408427,19.93843735,6.31295788
1,1.947145087,5.757837861,19.52914822,5.942703533
1,1.883294177,5.086480766,17.42862928,5.060895345
1,1.936502781,5.173794733,16.61246631,4.962051507
1,1.881561342,5.884067314,19.71480133,5.809915448
1,2.109775837,6.023507542,21.86923344,6.198833935
1,1.738630811,4.837850149,17.45923514,4.855036574
1,1.97994794,5.243994384,17.59290464,5.091493279
1,1.923709786,5.30446438,18.4129606,5.298342224
1,1.904150734,5.198664428,18.98099332,5.170628066
1,1.919029357,5.147654755,18.76376819,5.010311278
1,1.869279848,5.25806115,18.9228197,5.528769731
1,1.786968194,4.84034495,17.40732813,4.879412431
1,1.919489079,5.3624651,18.87322679,5.50125651
1,1.846254445,5.216006421,17.16042402,5.202425918
1,1.864628966,5.111049278,21.0793843,5.260120494
1,2.059297268,5.603515555,22.89987375,5.488900892
1,1.964856241,5.164712452,17.69089624,5.391251685
1,1.992170972,6.299942806,22.16896227,6.058501845
1,2.264956263,6.387363732,25.91209061,6.704320108
1,1.808014741,4.94877789,17.76008026,5.052664924
1,2.195702709,6.355873625,25.01742633,6.310808997
1,2.0841189,6.193468934,20.26180402,6.239795793
1,2.253700184,7.077064856,25.74034275,6.916827085
1,2.083928938,6.328229985,23.42821692,6.820431731
1,2.060313373,6.547159504,22.76488202,6.387817075
1,2.252140164,7.295913265,29.30390769,7.439801221
1,2.25800208,7.11440919,25.56856055,7.138767801
1,2.329959846,6.859911067,24.63947434,6.766926107
1,1.907169183,5.771373581,20.96221135,5.873143762
1,1.827513071,6.306678264,21.80435496,6.268491569
1,1.923376104,6.034638933,22.15272699,6.477512519
1,2.238008428,7.677507376,24.87298018,6.837549892
1,2.182625944,7.009144313,22.7061974,6.564925124
1,2.409617059,8.998481663,31.2911842,8.490785975
1,1.976214845,6.779384102,23.79889321,7.116739214
1,2.219171749,6.441456197,20.48182088,6.466666662
1,2.056314871,5.864080446,21.57575386,6.416978011
1,2.016432053,7.036579885,24.4969849,7.125253412
1,2.196376369,6.358183368,22.70465461,6.707345267
1,2.196007909,7.859744646,26.62944752,8.140047956
1,2.088652421,6.086101888,22.22604782,6.090004532
1,2.399061084,6.857018078,27.61092196,6.45217089
1,2.169638224,6.919278593,23.54931686,6.830587346
1,2.280952077,6.749047355,21.96071497,6.27188467
1,2.083437432,6.744235142,22.45027626,6.483437643
1,1.93756615,6.767177373,21.95456527,6.509481272
1,2.156173156,6.78487261,22.73652476,7.01089886
1,2.047366698,6.706281918,20.96376076,6.073914553
1,2.258295774,6.599961656,21.24413717,6.737911345
1,2.109743113,6.704704764,20.66562584,6.517995778
1,2.310630736,8.201841512,27.98475582,7.485201052
1,2.414226149,6.681004063,24.44668444,6.152155958
1,2.116462333,5.932260422,20.33076212,6.186757587
1,2.301533423,5.332153115,20.31278122,5.392865478
1,1.723311724,4.937888542,17.84058043,4.87300425
1,1.940160519,5.15281256,18.10808999,5.08902479
1,1.985137153,4.78918793,20.14800329,4.665631948
1,2.238786931,7.383049588,21.07919534,7.260496948
1,1.874620035,4.635936402,15.87598131,4.47033583
1,1.857295421,5.14985108,19.13584389,4.888827075
1,2.229353097,7.673401748,27.28135498,8.1901305
1,2.434021754,10.01525214,33.28488496,9.652084382
1,2.140843574,7.333292293,23.23627199,7.483874379
1,2.265937274,7.363090885,26.19917108,7.217382596
1,2.083292424,7.040077219,21.14843992,6.663629064
1,2.281724676,6.836695747,25.92939023,6.764060315
1,1.972378145,5.444855978,18.34342062,5.24018021
1,2.188348031,5.419134276,18.31678693,5.110697697
1,2.375808185,7.68538081,25.25394172,8.142646157
1,2.02334717,5.259829548,17.81272132,5.212264222
1,2.065387703,5.695052144,20.62630151,5.532245562
1,1.83017638,5.02236912,18.7192551,4.864111579
1,2.103166932,4.879764039,18.65304487,5.231028304
1,1.841300586,5.143584064,17.130388,5.006863792
1,1.821868768,4.84300683,18.20886885,5.034227034
1,1.845244862,5.047237131,19.4106653,5.261325185
1,2.285432198,6.931699628,22.12354081,6.547263099
1,2.121301722,6.594873996,22.00945778,6.347451103
1,2.099507958,6.3391852,20.66491858,6.392363639
1,2.168136019,6.885355959,21.99551713,6.550511041
1,1.933477432,5.375034701,19.53925525,5.374206057
1,2.203541683,6.420215526,19.52587614,6.339551586
1,2.298544854,8.451953818,28.44818203,7.848957187
1,2.295542243,7.981328132,28.84364929,6.850726698
1,2.297729594,7.247162127,27.39775112,7.364375225
1,2.078040852,7.001961389,23.51811646,6.793602031
1,1.929177597,5.565511775,20.02178917,5.473286893
1,2.328042163,7.714246932,27.63052717,7.188532517
1,2.368906783,7.265963178,36.30857869,7.129064485
1,2.076661255,6.996092201,26.64329943,6.944762849
1,2.220215044,6.511300965,22.73906925,7.146709445
1,2.100752872,7.204282716,27.02968122,6.472685241
1,2.235218226,5.841909367,18.56168113,6.15535523
1,1.946971835,5.596071859,19.34710416,5.232754744
1,2.248706396,5.20781365,22.01277136,6.111167421
1,2.084163283,6.088759491,22.22843018,6.681379905
1,2.459321737,6.850448861,28.71878064,7.05578962
1,1.966871697,5.398937175,16.22673786,5.182923743
1,2.290438924,6.327572911,22.16301155,6.491390938
1,2.153211339,6.165157015,21.35860391,6.008120978
1,2.031871398,6.404530692,19.58207308,5.72763148
1,1.988327338,5.294665753,18.67972965,5.739268323
1,1.998768252,5.296480424,17.57458351,5.522143032
1,2.03180633,6.167486584,19.94930933,5.93743715
1,2.070023339,6.645398415,23.18116969,6.148514769
1,1.904118788,5.038290713,17.55924949,5.45054624
1,2.071352795,5.616201596,17.41118887,5.832703573
1,1.935968039,5.489769107,18.02708592,5.366181012
1,2.123852978,5.619035452,22.07273046,5.57206137
1,2.011506551,5.388826997,19.87633714,5.444636984
1,1.982335719,5.496325692,20.8341749,5.82664075
1,1.983031621,4.963958936,18.07661051,5.278803156
1,2.147994825,5.444456443,20.361983,5.480774625
1,1.955635878,5.437910816,18.19776714,5.673377199
1,2.09136806,5.940538242,20.44781483,5.321561226
1,2.067893229,5.890685851,25.02532763,5.905365382
1,1.961462358,5.359229601,19.16086747,5.147449954
1,2.179167948,6.770620251,21.70174151,6.360722008
1,2.199835493,6.801872471,26.52166054,7.205293776
1,1.874702114,5.0842256,19.564836,5.107968286
1,2.305447291,6.628069149,25.43821374,6.821432807
1,2.205049968,6.419299585,21.58574053,6.030085145
1,2.363880187,7.51984132,25.08243606,7.536112401
1,2.104246694,7.213694297,22.87017849,7.458298345
1,2.231695225,7.224945001,23.2208065,6.935825033
1,2.335401048,7.752438592,31.49740181,8.162819497
1,2.055547425,7.565116852,24.16148465,6.984827678
1,2.076453078,6.37949412,22.01483898,6.344040118
1,1.832292058,5.92966496,19.93574729,5.847975519
1,1.963490281,5.87444847,21.12302462,5.892634387
1,1.862634005,6.187121302,21.41368601,5.703333049
1,2.234926281,6.896614608,23.30175592,6.62272131
1,2.131308365,6.6636501,19.7864568,6.622891879
1,2.238794433,8.18694674,29.03056613,8.867512135
1,2.043516992,6.18870761,22.24317204,6.057366614
1,1.938878675,6.012862459,20.51634533,5.950042857
1,1.88346712,6.117902291,20.56681896,6.039322681
1,1.904545311,7.141008538,22.94865823,7.025563352
1,2.099891342,6.551879108,20.96235652,6.033932786
1,2.186697879,7.54487871,23.62612846,7.781596768
1,2.080576959,6.065294917,21.80486405,6.317886686
1,2.225325923,5.703720921,26.67989452,6.062140859
1,2.014881151,6.61741293,21.10214915,6.810898824
1,2.133583548,7.078968442,23.44200602,6.845046965
1,1.93856163,6.488651929,23.67124899,6.216094491
1,1.849233674,5.938612936,22.43528135,5.582124667
1,2.000518281,6.46873229,21.75688444,6.458862969
1,1.803461462,5.765283349,19.84639213,5.549771268
1,2.039484198,6.19630092,20.47399551,6.148823303
1,2.016800469,6.601755959,21.18021407,6.072198578
1,2.159455352,7.477603744,25.39130454,7.500056101
1,2.199407288,6.36021335,23.38246216,5.917277889
1,2.010672121,5.728807932,19.22530531,5.826457042
1,2.17172616,5.185092645,20.08088654,5.231130257
1,1.711817839,4.899707812,15.84799854,4.52474661
1,1.88717883,4.636334596,16.67347821,4.894415936
1,1.700213902,4.474260959,19.42048984,4.443788018
1,2.06536103,7.440233508,21.09309838,6.964453065
1,1.788503844,4.05504425,14.9301348,4.337333536
1,1.929763809,5.197402669,17.53723764,4.762606028
1,2.270330553,7.545913861,28.86982186,7.218970958
1,2.426778167,8.392316489,30.28646571,8.47889898
1,1.969149478,7.287596666,22.68136627,6.668012634
1,2.04384338,6.817166246,25.49070968,6.691251084
1,1.958936694,6.979681341,22.07193369,6.215043955
1,2.217947567,6.446138442,25.24418949,6.671273979
1,2.003704184,5.061393061,17.14355516,5.631265577
1,1.965923068,5.061482195,17.37587347,5.083527779
1,2.315230642,7.357865795,25.628763,7.416690639
1,1.822202189,4.916392722,16.76366809,5.008871297
1,1.746720502,5.302950918,18.42865504,5.147350868
1,1.805923079,4.619024318,17.30624292,5.001295063
1,1.874315981,4.847367466,17.58871864,4.838872521
1,1.780645129,4.525252703,15.62256578,4.836522276
1,1.669058075,4.694865986,17.77975566,4.656726054
1,1.908807369,5.569370161,17.62989863,5.165007293
1,2.182430214,6.527786433,21.21084037,6.472562186
1,2.070564065,6.111693095,21.88822465,6.03963564
1,2.096711665,6.36055999,21.35126017,5.85052714
1,2.081330473,6.939389641,22.46364494,7.163249631
1,1.969946767,4.957346936,16.62281242,5.119421776
1,1.964162535,6.238686071,19.79520716,5.884319385
1,2.068611112,7.58087361,26.69454211,8.307888444
1,2.155872581,7.183619523,27.52819852,7.022720992
1,2.096044758,7.914471735,22.88425695,6.747920071
1,2.049834794,6.535652675,22.72642857,6.400964748
1,1.900043045,5.168625943,18.94445815,5.104251136
1,2.118692544,6.382997266,24.83312913,6.976887276
1,2.367767594,6.344157899,36.47530597,6.699132062
1,1.905765181,6.882458438,25.00307319,6.90292147
1,2.040991523,7.209417432,20.35208338,6.613626569
1,2.007932435,6.390425842,24.59363608,6.256991425
1,1.925500142,5.904358534,17.78174132,5.322034424
1,1.84033849,4.918427875,17.52643749,5.311555232
1,1.875929167,5.447933138,21.36104687,5.63731718
1,2.020374375,6.139855856,21.23768751,6.351520852
1,2.147796512,6.805923929,27.29893294,6.415295735
1,1.863259323,5.222852115,16.50349826,5.152341482
1,2.052526829,6.671389547,20.86321209,5.879357532
1,1.994041994,6.181080301,19.57336173,6.168392968
1,2.04993718,5.772273621,18.27725833,5.717575323
1,1.812435614,5.269715367,17.16891613,5.011943932
1,1.946267238,5.254703476,17.09435273,5.470667304
1,2.078166494,5.884142361,19.08895043,6.020122606
1,2.076166112,6.322573301,22.28127721,6.159781899
1,1.928702891,4.738288163,17.28948191,5.294214482
1,1.978133725,4.856677049,16.16960248,5.066908314
1,1.87064288,4.736338319,19.62917505,4.975001489
1,1.876696125,5.409159715,20.40773001,5.357044328
1,1.830771139,5.49362353,19.26268218,5.118563335
1,1.774868564,5.312053893,17.94908889,5.431411943
1,1.817684839,4.894981559,16.55591604,5.038319754
1,1.861160561,5.407157907,19.18318584,5.63370631
1,1.765199664,4.893799163,16.94935565,5.422947696
1,1.943808901,4.954074943,21.3236525,5.271254144
1,2.141457107,5.593755479,23.45971689,5.776322988
1,1.986889812,5.451221544,17.11727581,5.139061509
1,2.193316579,6.114176561,21.81135203,5.956926994
1,2.283961394,6.181968795,25.5869542,6.356983064
1,1.800529861,5.053482759,18.63252064,4.983405812
1,2.217822886,6.548783185,23.62426585,6.442214637
1,2.010068419,6.100009259,21.23032741,5.497707854
1,2.253207852,7.000233184,25.64543319,7.331127707
1,2.051653665,7.018119473,21.54640048,6.453844975
1,2.146634224,6.827979841,23.12772502,7.038427963
1,2.416927856,6.810117907,30.63252495,7.4768974
1,2.276826855,7.40475205,23.73188198,7.201246847
1,2.101514437,6.995608728,23.47329238,6.571164565
1,1.88360633,5.845398628,19.87935844,5.618618209
1,1.726409852,6.1157072,21.14274865,5.944856154
1,1.773692554,6.378730798,22.76353617,6.30897198
1,2.139998097,6.782515186,22.37169185,7.166092051
1,2.063415769,6.335123171,21.30267729,6.240971849
1,2.151921114,8.709622317,27.28474477,8.323352522
1,1.940565395,6.204607932,20.12349055,6.710178633
1,1.896240916,5.698799561,20.16330699,5.908451331
1,2.015335275,5.808529576,19.73766809,5.605125216
1,1.852922641,7.128965459,22.24561901,6.834881918
1,2.031270058,6.132144765,21.30345973,6.153886291
1,2.105168143,7.474667625,23.72954798,7.57649446
1,2.128913188,5.961073751,21.70218531,5.940446414
1,2.063998979,5.955382349,27.03788178,6.241433995
1,2.109440538,6.116376743,20.55453272,6.662006216
1,1.981722901,6.396387941,22.01461337,6.163576267
1,1.879873135,6.721715609,21.87623664,6.330321937
1,1.875679229,5.740111023,22.28382206,5.964704291
1,1.97928977,6.560798883,20.98847176,6.18881704
1,1.838175172,5.658630234,19.71636075,5.822403201
1,2.057595996,6.00829608,18.85925109,6.171381667
1,2.053465602,6.164054307,19.41114038,5.807625245
1,2.155918472,7.72345459,26.49393741,7.812889808
1,2.168486792,5.890106652,22.4852056,5.623205323
1,1.972154356,6.045898087,20.86266983,6.089085168
1,2.135355695,5.489386587,20.59424887,5.682108619
1,1.712223018,4.533033967,16.14239205,4.698810067
1,1.842129896,4.375003566,17.74106982,4.73789049
1,1.773237301,4.31905149,18.04498559,4.275041429
1,2.089314737,6.653019455,20.46521335,6.915207558
1,1.773228381,4.158394467,13.9275625,4.519898712
1,1.888468251,4.680436326,17.40814653,4.742400129
1,2.180121952,7.440630976,26.6951871,8.062023391
1,2.384911632,9.454483224,32.69444822,8.83211466
1,1.955800348,6.420042272,22.14539379,7.259332034
1,2.184702853,6.833962835,24.29084676,6.421104945
1,2.083283841,6.420349128,20.02559757,6.610758997
1,2.159543315,6.414987072,23.95644799,7.123794882
1,1.883944452,5.479122116,17.16944781,5.119441603
1,1.854145984,5.091646211,18.51240095,5.23949115
1,2.181833637,7.502798569,24.52761929,6.985614105
1,1.837266311,5.023369579,17.11470983,5.016806732
1,1.953927172,5.27853704,18.00703344,5.390379892
1,1.641061454,4.611992643,17.29886715,4.753314803
1,1.802713298,5.136945841,17.04155524,4.715542642
1,1.808987779,4.749192941,16.04970577,4.656075536
1,1.624912015,4.337638451,16.01441799,4.491364711
1,1.742172387,4.802202556,19.47417619,4.925926152
1,2.142180315,6.608480593,19.70028181,6.252393346
1,1.974051935,6.185870968,19.74347217,5.770671795
1,1.893329061,6.03863031,21.19804675,6.198502472
1,2.129049587,6.223740819,21.01064649,6.651208206
1,1.946925776,5.292257406,18.25606179,5.054593278
1,1.991562352,5.640596709,19.00929398,5.632634701
1,2.09219118,7.58499903,26.22603065,8.262624106
1,2.016603417,6.965053951,27.95223501,7.317803022
1,2.184046894,7.070495439,22.83032313,7.219040391
1,2.106025271,6.914730608,24.58321973,6.1445009
1,1.849151247,5.136325713,19.03615081,4.947853084
1,2.113410873,7.140509366,26.26395174,6.771417027
1,2.353989797,6.544721726,35.16966668,6.407499276
1,1.954944187,7.05485503,23.45445362,6.498025548
1,2.005555006,7.052389356,21.51931684,6.522825643
1,2.257010401,6.601522325,24.46333955,6.671044282
1,1.969176434,5.484993079,18.68377918,5.637586903
1,1.875970387,4.886950712,18.07269521,4.966455626
1,1.974990566,5.135274988,19.87059032,5.69385142
1,1.95908095,6.042498983,20.36504467,6.333704952
1,2.410068325,6.790349363,30.51916405,6.655305662
1,1.946221144,5.673452053,17.8016789,5.268633752
1,2.089739195,6.21497871,21.17531622,6.03588633
1,2.02427548,6.007169658,19.8747054,5.940796171
1,1.978625729,5.860547357,19.17048089,5.956470036
1,1.865255337,5.443386468,17.49889247,5.081048272
1,1.865463948,5.197244262,15.94167166,4.953930508
1,2.00334678,6.057899567,19.19750184,5.580216313
1,2.11056358,6.010165589,21.12554278,6.233840179
1,1.717676158,4.827829365,17.57055363,4.812067515
1,1.843203769,5.3347373,16.94260166,5.505492125
1,1.956905967,4.89956706,18.61390983,5.048204947
1,2.072027792,5.192960786,19.29521935,5.263852703
1,1.834950383,5.195147836,20.70413225,4.949504855
1,1.948780439,5.284160541,18.28965053,5.404354268
1,1.78765544,4.849000109,18.28084201,4.918691466
1,1.867008719,5.207953158,18.65758616,5.274902221
1,1.845389178,5.242152897,17.39185808,5.254653005
1,1.811549519,5.196918836,20.01672378,5.053280108
1,1.967014123,5.098887095,21.19045044,5.325402142
1,1.91191599,5.262436255,19.21321155,5.211371863
1,2.0935616,6.178084986,21.34313264,5.925233735
1,2.394161304,6.063164869,25.68587141,6.239571534
1,1.741441869,4.995449786,19.08356229,4.923848596
1,2.132763657,6.945248569,23.99710467,6.986643626
1,2.053075518,6.031830263,19.51124088,6.365589506
1,2.169444055,7.332791734,25.85050758,6.716819858
1,2.336497583,6.929164439,23.24333289,6.411848862
1,2.072954142,6.683885611,23.62884452,7.080743039
1,2.049209801,7.852582436,25.99409374,7.944247966
1,2.285627476,7.898026144,25.28528915,7.179646043
1,2.29827486,6.605854136,24.29853352,7.018079161
1,1.914028615,5.510993227,20.50447387,6.202958014
1,1.904938337,5.913538306,21.12366446,6.116945078
1,2.017427971,6.264207195,24.67529942,6.419464064
1,2.231028836,6.830050894,22.86536363,7.387260459
1,2.192888491,6.807159918,22.74757915,6.506739664
1,2.190086668,9.258117182,30.66379728,9.211865623
1,2.06426166,6.509188706,23.18318263,6.968546676
1,2.123540923,5.807772206,19.74004369,6.06532759
1,2.19186769,6.465225925,23.8406374,6.340958946
1,2.004682004,6.617921728,24.68187175,6.783218519
1,2.288931495,6.355720536,22.64481213,6.211985272
1,2.216930213,7.695638627,27.73725444,8.327191882
1,1.977286699,5.890289572,23.25679257,6.12204128
1,2.321849837,6.270227557,28.73469977,5.77115533
1,2.16728704,6.93847925,22.09845493,7.182198547
1,2.187771339,6.399443836,22.61745918,6.577739672
1,1.988972907,6.675553019,20.77054542,5.972188753
1,2.046889681,6.895755901,21.57948411,6.69693788
1,2.154850088,7.034658787,21.37903307,6.731511886
1,2.03230374,6.483935433,20.21292572,6.599616103
1,2.317756036,6.953546092,21.83933176,6.918412144
1,2.136965006,7.19027674,20.33840894,6.374944486
1,2.253008142,8.362579433,27.87524323,7.820890374
1,2.246065412,6.090946711,25.88632697,6.471148987
1,2.015673675,6.170366764,20.22925553,6.389414511
1,2.140527426,5.787481338,20.84596238,5.776302145
1,1.664578299,4.682582451,16.24171741,4.811865791
1,1.933249448,5.461265115,18.27565021,4.88440208
1,1.896663022,4.502218734,19.23950998,4.765412274
1,1.965696066,7.159055131,21.54391046,7.554295749
1,1.764268268,4.601743231,16.2867808,4.472799353
1,1.977862536,4.898983712,18.75444514,4.8079903
1,2.227938158,7.144731172,26.25405857,7.922083966
1,2.495039222,9.285934997,33.54781323,9.706363774
1,2.069851028,6.743315488,21.66823043,7.589458253
1,2.184325863,6.987962498,26.81587175,7.249865987
1,2.264772787,6.840100056,22.59249397,6.680937779
1,2.30658958,6.482156637,26.42435653,6.449028636
1,1.836239207,5.895882173,17.71335234,5.384986413
1,2.175916804,4.974466203,17.62595086,5.019682455
1,2.290392763,7.439270219,25.22197441,8.362144231
1,1.934661024,4.843835796,16.84801362,5.293740415
1,2.047004726,5.376117742,19.5381082,5.772588156
1,1.794104576,5.053203149,18.44625384,4.637879433
1,1.87822452,4.890428034,17.27137827,5.075766164
1,1.82456007,4.686080953,17.07947402,4.874974563
1,1.788115174,5.085699242,18.03224831,4.897703765
1,1.972879731,5.51541432,20.87169733,5.416057257
1,2.175267736,6.964148465,20.23782464,6.710209832
1,2.139814614,6.404109518,20.75168256,6.458589835
1,2.113575844,6.810088514,21.93278626,6.260199856
1,2.058740446,7.173038752,23.55958885,6.883598723
1,1.935521192,5.504414377,19.34002995,5.572566937
1,2.214800165,5.784567371,19.85945405,5.727054249
1,2.12149557,8.037302007,31.21441769,7.601277381
1,2.29717839,7.374414016,28.34951308,6.466070674
1,2.213786662,7.919998768,27.97723615,6.788705776
1,2.028371833,6.587059361,22.2003306,6.086035697
1,1.981277128,5.336431065,20.55007908,5.381854194
1,2.233205356,7.290231189,28.14926133,7.570680323
1,2.281819024,7.440992697,38.38457327,7.032093281
1,2.000793001,6.295432088,27.65782547,7.074537308
1,2.038621782,7.234927955,21.95473405,7.108954347
1,2.094165417,6.465208828,26.61024395,6.578461674
1,2.266296931,5.813216736,18.62779374,6.18715869
1,2.020563994,5.918887416,18.80019889,5.777769013
1,2.189002565,5.563953771,22.00457633,6.025642566
1,1.99136073,6.663128591,21.6154735,6.33749948
1,2.445219444,6.700882687,29.59457746,7.310073489
1,2.007917809,5.667064378,17.4851767,5.623510615
1,2.335229384,6.952481698,20.7798531,6.053137425
1,2.207891607,6.27729127,20.54208483,6.452373635
1,2.058435768,5.850004578,19.88396378,6.18924968
1,2.049210353,5.137929475,18.2504127,5.829096753
1,1.86088496,5.534439438,18.27939832,5.334665159
1,1.911674668,6.403502295,19.32770268,5.838581151
1,2.182595427,6.09300573,22.16104137,6.41769842
1,1.955469762,5.320817467,17.89754041,5.521416938
1,2.043537042,5.425284326,17.81878536,5.730933324
1,1.922293913,5.399757801,17.93771019,5.582767915
1,2.063737326,5.142023526,21.54457884,5.484607372
1,2.087613895,4.964075485,21.39290373,5.010745399
1,1.868418538,5.131251971,18.91595769,5.663505786
1,2.070891227,5.215515867,18.31584423,5.216508568
1,2.090624846,5.694009066,19.53617064,5.53283664
1,1.955611943,5.501343672,17.13405491,5.639261304
1,1.944055204,5.666797486,20.99485606,5.388350565
1,2.097030488,5.741393964,23.91989657,5.757457116
1,1.970531347,5.075396035,19.2221692,5.449207802
1,2.256486204,6.289121885,21.71413159,6.464556421
1,2.355490643,7.15957709,29.12293038,7.464579933
1,1.85918969,5.253261248,18.13104376,5.062337042
1,2.32234545,6.993970911,24.21201357,7.345596556
1,2.17963737,6.802471115,20.69705907,6.393573868
1,2.383088136,7.091825609,24.90547451,8.051328166
1,2.132780297,7.139126804,23.57711754,7.480905215
1,2.258086496,7.37622637,23.51092079,7.741300516
1,2.235085612,7.303056945,29.34477008,8.001463083
1,2.139142438,7.195058177,24.39468141,6.462844636
1,2.069652285,6.650387304,21.92631896,6.957949801
1,1.839017447,6.201112348,19.30524225,5.703709336
1,1.99696377,6.363499016,21.11905105,5.791460503
1,1.887522596,5.963220415,20.80217066,6.093018243
1,2.242084807,6.512669808,23.238221,6.995087222
1,2.146220625,6.605617872,19.25807363,6.754563133
1,2.059949338,8.341624918,29.11245756,9.168223558
1,1.999055963,6.296396946,21.90540133,5.980416677
1,1.75099542,5.761227259,20.92099279,5.67163036
1,1.931989974,6.11948504,20.26423004,5.694375646
1,1.871667144,6.265171409,22.80385429,7.00988978
1,2.102882428,6.681253378,21.19889707,5.886320605
1,2.027638802,6.846401682,23.30648594,7.845868235
1,2.228278251,5.97949031,19.86591598,5.961283415
1,2.159725677,5.927813234,26.71725081,6.185897178
1,2.066554082,6.545343291,23.3153648,6.687436225
1,2.034711157,6.995060622,23.60178131,6.759365823
1,2.047008828,6.450413655,23.55996195,6.512902575
1,1.922151557,5.541110518,24.49994047,5.414334657
1,2.062244818,7.215326328,22.15074939,6.590081517
1,1.868828889,5.310799866,18.72515027,6.002027931
1,2.170726455,5.773340204,19.40720577,5.687108452
1,2.199172354,6.358895299,20.09702445,5.690719369
1,2.247337223,6.655554123,24.09176527,6.990126424
1,2.122985638,6.472665472,24.30106593,6.269371
1,1.914133076,5.681751767,20.78967777,5.990444376
1,2.175074672,5.431484016,20.43002051,4.864978538
1,1.695799377,4.684698439,14.9783368,4.591322537
1,1.687633264,4.966316141,17.48226725,4.967548076
1,1.763103998,4.213850529,17.48639193,4.584679148
1,2.119614605,7.582578821,21.21771214,6.914628479
1,1.775841548,4.185725911,15.59833027,4.601811208
1,1.890518989,4.69136837,17.96711482,4.964758227
1,2.379806472,6.929165393,27.77276805,6.914827878
1,2.274248972,8.585998682,29.53119079,8.756010383
1,2.011277836,6.820529129,21.50042545,6.636304939
1,2.061839627,6.805638947,25.65703741,6.554389226
1,2.082935203,6.44897765,21.43098591,5.932614567
1,2.307983918,6.651949921,24.80271346,6.239239402
1,2.048746558,4.768485801,17.12056683,5.678686692
1,2.076945658,5.156940107,17.84302824,4.93856469
1,2.269505717,6.747532946,25.09649712,7.46928502
1,1.707297597,4.729047475,16.5479349,5.27758987
1,1.843605555,5.153696198,19.47434703,4.855890452
1,1.800329406,4.706091437,16.97574152,4.775902351
1,1.9921938,4.981334464,16.18886737,5.007855681
1,1.753827094,4.653504693,14.83891285,4.798149806
1,1.807101265,4.378150082,17.76267821,4.808796054
1,1.898590447,5.098480259,18.04915827,4.772663359
1,2.077534554,6.051558544,20.41089619,6.524802761
1,1.950325363,5.938558774,21.12523781,6.234786477
1,2.073605668,5.877208931,23.12872502,5.888258202
1,2.298110063,7.439334505,22.9539246,6.906335487
1,1.787951636,5.54388017,17.64400544,5.105792796
1,2.003774667,5.600741486,19.57249579,6.28796196
1,2.236373868,8.084706443,25.2023778,7.854977259
1,2.004098347,6.748997408,26.33612799,6.588579184
1,2.209559223,7.493774634,22.92762031,7.20546596
1,2.154331102,6.512126779,22.95017667,6.173967641
1,1.912159278,5.183333966,18.35530783,5.031929341
1,2.388075539,6.953437749,24.6437965,7.364695543
1,2.203284147,6.088759961,34.33174199,6.784421317
1,1.989880178,7.1108682,23.08316909,6.731839177
1,2.0507892,7.066894628,20.10061588,6.436180801
1,2.067604542,6.573305425,24.75587863,6.348665168
1,2.018386634,5.736417934,18.19165597,5.206109748
1,1.639472721,4.96357757,18.85196577,5.510139994
1,2.034051076,5.842031742,21.31362388,5.206830256
1,1.794511036,6.248341353,21.66988672,6.18529015
1,2.217332988,6.884870731,26.20447081,6.180185699
1,1.951529933,5.646804573,15.37003331,5.402866634
1,2.086365295,6.285927139,21.99749459,6.261005827
1,2.023993469,5.914776785,18.64560815,6.321966307
1,2.117820629,5.814802726,18.22261752,5.209988472
1,1.84293701,5.327199538,18.00490257,4.770009717
1,1.91129597,5.137181766,16.61379846,5.373139473
1,1.928097921,5.779795057,19.60409603,5.80625941
1,2.040217309,6.000681914,22.55199064,5.922328782
1,1.732624805,4.648573751,16.67195625,5.097184642
1,1.933891762,4.812903807,16.71071186,5.18060833
1,1.769627306,4.996762056,17.83046426,4.718358278
1,1.938840417,5.082434228,19.00352671,4.757749418
1,1.862644221,5.510478694,19.60615727,5.050647732
1,1.707744561,5.006045647,18.42925679,5.539886272
1,1.762947306,4.999499838,15.38125885,4.774601311
1,1.912442474,5.547454759,18.27520596,6.004620298
1,1.816364765,5.070383702,17.39639048,5.310191941
1,2.006040724,5.514859583,20.14501444,5.109127318
1,2.130574367,5.506733987,22.98159503,5.325404211
1,1.940443243,5.406435201,17.99716166,5.212764781
1,2.162645944,6.150264806,21.64779317,6.338930685
1,2.24815231,6.252951866,25.30459717,6.076997212
1,1.745544196,5.148758075,20.3009889,4.757736496
1,2.318389285,6.548488071,23.18294706,6.553492677
1,2.066571376,6.370758116,19.46038654,5.484877514
1,2.188031588,6.637486883,25.12135482,6.717928558
1,2.011173121,7.322325914,21.31533895,6.581006054
1,2.205490993,6.489408293,21.58784092,6.629270356
1,2.349078627,6.752828622,29.26087173,8.121411806
1,2.468811722,7.540617684,25.27854692,8.05718225
1,2.16744614,7.019437056,24.60469335,7.684616685
1,2.068980153,6.362052529,21.11150246,5.711914667
1,2.007012246,6.233166321,21.78081121,6.303180303
1,1.982908034,6.195815556,22.57968305,6.740058042
1,2.531199878,7.287597676,24.82673595,7.805506215
1,2.348165558,6.847364554,22.4090282,7.086406943
1,2.328212358,8.645880672,31.56450378,8.933901839
1,2.135060014,6.956334696,23.72000899,6.285491148
1,2.241388785,6.535388046,19.96913013,6.235759306
1,2.225770765,6.095438231,21.54906807,6.321658587
1,2.032577707,7.274146742,24.98586871,7.591324379
1,2.29916381,6.426132063,22.58900929,6.765896555
1,2.282896182,8.099080323,28.49776336,8.406271789
1,2.208783413,6.466349949,24.21192388,6.512020527
1,2.282911474,6.152954565,28.86642495,6.267110723
1,2.225918526,6.536683992,21.19501375,6.961390247
1,1.992394132,6.803712152,22.79507492,7.240748904
1,2.142057746,6.941663153,23.08177875,6.843304113
1,2.073024789,6.668347418,23.70198155,6.193924606
1,2.141764589,6.631407359,22.67755128,7.273667757
1,1.972473478,6.181570055,20.50080159,6.518726784
1,2.113563681,6.318837767,21.01149023,6.725185762
1,2.134257979,6.432301826,21.49378126,6.25714297
1,2.45571139,7.81539499,25.8592402,8.158632621
1,2.383758535,6.47027015,24.95749669,6.640859026
1,2.154369534,6.570471386,22.23535323,6.51519076
1,2.209264397,5.896994344,21.42194646,5.938537287
1,1.821299396,5.10292387,17.73010862,4.862036601
1,2.033501877,5.256832771,18.23994992,4.773221415
1,1.88297779,4.646269088,18.35850638,4.889539197
1,2.133706681,7.305953266,22.78715292,7.761590438
1,1.848947844,4.689424397,15.40725362,4.680664373
1,2.096261401,5.306509431,19.50049212,5.094703604
1,2.298963872,7.683202514,29.53210227,7.885033483
1,2.601959043,9.671756578,32.1651462,9.473442728
1,2.053432742,7.236558689,23.17468394,7.138758058
1,2.265625294,7.062672742,26.65058934,7.317851839
1,2.342141828,6.882384419,24.02439406,6.690664584
1,2.457447115,6.959641368,25.13277711,7.339716963
1,2.042422418,5.85028584,18.37018532,6.00902659
1,2.221273334,5.434189626,19.24311514,5.481568532
1,2.21191371,7.659514684,27.48488463,7.331167678
1,1.970054263,5.3341987,17.75792844,5.035682104
1,1.988688211,5.356665369,19.74707618,5.333733591
1,1.819819459,5.130961544,18.96237497,5.168449524
1,2.01874127,5.448666899,17.71926962,5.575811401
1,1.931913546,4.953319669,17.15026505,4.820799993
1,1.841769463,4.755197446,16.8609835,4.86177546
1,1.884204505,5.42519775,20.1170158,5.445148082
1,2.259584323,7.206907785,22.71581167,6.872810116
1,2.107119844,6.474806223,21.19477024,7.036327145
1,2.131232404,6.298875566,23.46722038,6.455357947
1,2.176710137,6.78967328,22.81286816,7.039599229
1,2.085456135,5.357531473,19.15885765,5.347819383
1,2.138119731,6.413117588,19.7829376,6.497637709
1,2.239200322,8.49164298,27.89015924,8.500613101
1,2.300291358,7.420157389,29.20954357,7.25413526
1,2.342465176,7.56342954,26.70474,7.310075059
1,2.106483892,7.388030715,24.20923273,6.793389383
1,1.842016846,5.328953939,19.22414932,5.64495299
1,2.28532525,7.497859986,27.28159854,7.270710071
1,2.369197652,6.82523351,40.45697359,7.150883676
1,2.131847679,7.17878397,26.08429428,7.455651561
1,2.308288631,6.767736456,21.90318424,7.370182874
1,2.309551097,6.944033163,25.19049828,6.704973449
1,2.120148024,5.875518633,21.48620059,6.156795112
1,1.918950194,5.582779397,17.89369547,5.61386723
1,2.133917676,5.999060158,23.89111602,5.512565934
1,2.012259231,6.568885094,22.20276319,6.446524768
1,2.322531764,6.954082153,31.05447258,6.682588766
1,2.009355703,5.394357498,17.91924849,5.508460824
1,2.184154688,6.577342996,22.85483574,6.562801211
1,2.319858271,6.892141689,20.81229363,6.476813732
1,2.20165578,6.287451754,19.17830537,5.972417659
1,1.912357074,5.615528241,17.91451047,5.406720817
1,2.133597853,5.995145099,17.67970565,5.626422628
1,1.961998666,6.314530482,20.10859037,6.18053498
1,2.225717682,6.930315438,23.35182371,6.662656359
1,1.832344591,5.827015914,18.69685503,5.262428457
1,1.958578654,5.370398847,17.78953506,5.653354026
1,2.064107356,5.164004862,19.23495447,5.666334591
1,2.033940327,5.766566117,20.86746087,5.707324653
1,1.956490066,5.344402941,20.81628179,5.563804375
1,1.984922394,5.567683531,19.36640075,6.182405697
1,2.00082046,5.419434966,19.43411362,5.703164352
1,2.048759565,5.580936712,19.87863623,5.592737565
1,1.913972318,5.739449202,18.50328872,5.769333768
1,2.166675724,5.606315042,21.37155213,5.663856261
1,2.133998197,5.914762799,23.22515903,5.61673634
1,2.004816199,5.482710548,18.43543503,5.706013861
1,2.369475471,6.703894874,23.49645716,6.431762329
1,2.326063363,6.470939781,26.73666469,7.206027185
1,2.017676503,5.40810024,19.19455679,5.063723583
1,2.340457398,6.962820184,25.06608149,6.672448517
1,2.130805543,6.14312112,23.31520831,6.973474085
1,2.425079381,7.568639031,26.31149908,8.153865307
1,2.318800547,7.473532225,24.41089248,7.136345926
1,2.33482729,7.326661604,24.32689843,7.011947448
1,2.28509258,7.480079717,31.44255201,7.439288826
1,2.437953788,8.181457144,25.06454642,7.564862677
1,2.438238612,7.097100548,25.13478609,7.656065791
1,2.089611019,6.669574476,22.53733747,6.446339706
1,2.084574626,6.588382328,23.60031482,6.389932597
1,2.063370232,7.053932516,23.58453538,6.928157763
1,2.543824308,7.840231723,25.10721029,7.614467018
1,2.338191583,7.242417037,24.04700142,6.953069419
1,2.5010875,9.029019288,36.92260415,9.127332829
1,2.144941132,7.148633089,25.85408622,7.312850072
1,2.238913558,6.328322748,21.68616703,6.546897249
1,2.226534278,6.597661844,24.36853947,6.756447958
1,2.115624821,7.808134378,26.27765734,7.462591483
1,2.294514054,6.999481721,25.37121683,6.78749335
1,2.361397521,8.950409522,27.66180258,8.422236207
1,2.271927075,6.810277866,24.64929567,7.290381821
1,2.540380626,7.018017056,30.91246784,7.008436785
1,2.310648465,6.549287894,24.49059275,7.507073829
1,2.436466202,7.368506943,23.42984393,6.910407359
1,2.2896903,6.835153832,22.67650033,7.107527036
1,2.036454232,6.700235521,24.18652739,7.516143708
1,2.312508094,7.124266858,24.83555189,7.450545062
1,2.264944153,6.909521781,21.60491009,6.956384818
1,2.451762355,6.690552163,22.85298727,7.256808624
1,2.244621406,7.238973722,22.18549891,6.825608041
1,2.409777502,9.196410573,30.50617041,8.510281789
1,2.453790399,7.161759732,27.1732993,6.833755143
1,2.334893562,6.595127737,22.91866136,6.548357982
1,2.456768391,5.44448515,24.16932983,6.268008037
1,1.914243086,5.480805003,18.60462402,5.27076323
1,2.209692243,5.6149118,19.07054681,5.027135279
1,2.146148402,4.944360994,19.80171607,5.173354087
1,2.24212322,8.234226895,21.73365979,8.082330799
1,1.779647755,4.939034281,15.86127592,4.652438685
1,1.963097088,5.524749177,20.64102147,5.665059304
1,2.462679947,7.959484722,29.43966129,8.98403869
1,2.705902313,10.36064497,34.26921277,10.47755673
1,2.264663758,7.681542484,25.20237603,8.153159546
1,2.296816209,7.706267727,25.77066772,7.716069041
1,2.360438434,7.611927572,22.51183853,7.213710219
1,2.60947608,7.519280255,29.11385129,7.85736561
1,2.214342046,5.958770677,18.68592915,5.551201854
1,2.486824716,5.594550976,18.07144873,5.782832618
1,2.379923602,8.111443034,27.87106648,8.617706032
1,2.211860845,5.649259146,17.72036577,5.408518418
1,2.126023324,6.150360792,21.76476731,5.894740931
1,1.989246406,5.327071792,18.39326288,5.209126131
1,2.135439141,5.364398017,19.68608727,5.124833567
1,1.921094861,5.362537782,18.13035842,5.455383181
1,2.14185614,5.495909444,18.85316898,4.965017823
1,2.14763523,5.467502447,20.43527053,5.816804975
1,2.459907074,7.587998467,23.7009019,6.876264081
1,2.153430937,7.310629543,24.19315255,7.419989744
1,2.301360817,7.431313779,23.80975002,6.82449947
1,2.2047867,7.361295295,24.47367442,7.170060268
1,1.933484977,5.894791654,22.20023252,5.627123153
1,2.347344069,6.904656399,22.10625639,6.325163763
1,2.392324064,8.88379098,30.20477494,8.947988673
1,2.527409556,8.465405147,28.73576252,6.964681288
1,2.505671088,7.914860393,28.17973861,7.957240178
1,2.275302319,7.390226296,24.99400568,7.403912319
1,2.033529123,5.813767157,21.30243003,5.629755559
1,2.391488519,8.296542934,28.95166818,7.901115845
1,2.494462957,7.548485464,38.17259795,7.159540008
1,2.161567992,7.354512688,27.34735328,7.061481888
1,2.511989108,7.224727165,25.1649605,7.778478488
1,2.176594587,7.365754212,29.12321162,7.418673537
1,2.400630003,6.315994417,19.28827712,6.417314589
1,1.848279754,5.763553612,19.8703534,5.916375492
1,2.309261333,5.93783267,25.18209921,6.2723127
1,2.117500058,7.043127171,23.44231473,7.137394782
1,2.642034952,7.757987505,29.89211231,7.810076543
1,2.111063327,5.747644832,17.92603749,5.252482041
1,2.521502044,6.756424901,24.7800273,6.902338211
1,2.429195826,6.439521579,22.4729162,6.259922044
1,2.218862254,6.502585208,22.26209235,5.967306404
1,2.052771823,6.054702349,19.85653345,6.020507793
1,1.946055605,6.058152669,20.0995522,6.004804028
1,2.200206718,7.000225537,22.02216719,6.333338358
1,2.220819199,6.425888913,24.32652346,6.90800349
1,2.006429535,5.649914106,19.04336142,5.578715294
1,2.28686654,5.759850116,18.89680087,6.302110971
1,2.25826834,5.719461806,18.59377503,6.004135041
1,2.251758348,6.188292091,23.26385171,5.74671314
1,2.085373409,5.835302013,21.97510277,5.651237544
1,2.007788576,6.1762448,22.88704454,6.149674923
1,2.144188254,5.709201436,19.49917306,5.545281144
1,2.354809813,5.931191162,22.19471466,5.817686372
1,2.116024505,5.894265376,18.31673514,5.662967817
1,2.373770874,5.828998137,22.57603333,5.582818547
1,2.28679722,6.285333354,25.42249477,5.85019757
1,2.058028545,5.663273278,20.41584896,5.693732015
1,2.510802784,7.46828202,24.04462792,6.736024931
1,2.35617364,7.255644534,28.22729888,7.422936277
1,1.9775321,5.519640702,19.70842649,5.729985111
1,2.587329912,7.122963742,25.02065988,7.041164225
1,2.232546681,7.230607663,22.49461298,6.238991921
1,2.681901627,8.206248533,27.77018777,8.147209639
1,2.402983263,8.147509706,23.3537725,7.320000302
1,2.359867186,8.023897982,24.12884951,7.762852347
1,2.603950038,8.460250876,32.0097243,8.936926549
1,2.233604582,7.863063018,24.57236493,7.964878659
1,2.207222796,7.003085838,25.8274605,6.687347493
1,2.019785108,6.51013922,22.568449,6.765092968
1,2.00254719,6.947507356,22.75587434,6.142829009
1,2.142904756,6.58127168,23.86839797,6.059454064
1,2.367268679,7.676780472,26.73471092,7.226199282
1,2.264637428,7.282379277,22.93506715,6.813309862
1,2.286629219,9.232436167,32.18330344,9.131196558
1,2.140390418,7.225585229,24.65073819,6.574577355
1,1.940456827,6.297181523,21.31908803,6.389270397
1,2.157451957,6.463192553,20.87721317,6.003695721
1,2.118608146,7.465833534,24.82253165,7.740457904
1,2.268013911,6.778679725,22.00991242,5.909569353
1,2.317741431,7.840174168,24.90566243,8.260258429
1,2.189652418,6.609062244,23.79150071,6.751522
1,2.383904384,6.250463568,29.98267699,6.412510432
1,2.384945669,6.600407643,23.241424,7.508582835
1,2.388435809,7.655590012,25.68116569,7.739683534
1,2.02369835,7.005496408,24.3221256,6.942525723
1,1.960157253,6.559722664,24.97394829,6.426646396
1,2.24086245,7.057857526,22.05378266,7.331213738
1,2.115588537,6.250588079,23.00342147,6.164079704
1,2.202902538,6.758351487,20.69411161,6.365951762
1,2.266518754,7.096151972,22.03301346,6.254521794
1,2.454024387,7.228582446,27.87226577,7.845683331
1,2.270147708,6.628224073,22.87869344,6.156323597
1,2.079998913,5.778913546,19.84228609,6.726103914
1,2.08959904,5.896957267,21.71734606,5.446375581
1,1.814772738,5.100732719,17.32600234,4.7570569
1,2.017377411,5.325115205,17.92696162,5.320382596
1,1.832216361,4.727858167,19.74488226,4.86188346
1,2.194915877,8.161667382,23.46228875,7.79771512
1,1.95091791,4.196421634,16.05375433,4.840122109
1,1.945143366,5.394584594,18.86194211,5.133191464
1,2.660173859,7.941561197,29.78337195,7.559952289
1,2.436025623,8.954820123,33.75730715,9.860892018
1,2.150579471,7.493606865,23.18674762,7.274642499
1,2.278939729,7.293145674,26.66400203,7.344726713
1,2.258555245,7.329393886,22.40529346,6.492997962
1,2.353291647,7.097246763,26.04383253,7.340871385
1,2.04352246,5.626358338,17.85483854,5.921011879
1,2.243485041,5.450769009,18.914273,5.768189765
1,2.607350157,7.456301304,27.73097466,8.019351345
1,1.910779604,5.35916089,17.44319,5.237485512
1,1.857368221,5.769016635,19.40518639,5.671944897
1,1.890847597,4.778343797,20.37057113,4.975802944
1,2.032629202,5.300628158,18.89272164,5.618695766
1,1.848545347,5.141697839,16.686028,5.234902182
1,1.808088649,4.889753724,17.28705261,4.966112162
1,2.079557169,5.801592546,19.47608092,5.090398151
1,2.225168491,7.233686493,22.4174569,6.781708163
1,2.183958042,6.450242696,22.41819266,6.49949672
1,2.257957882,6.287645456,24.1543738,6.794317632
1,2.201653051,7.251929549,25.57868836,7.616338194
1,2.123099328,5.308496983,18.57586605,5.701437516
1,2.136040625,6.4862093,22.21388085,6.648943627
1,2.233283391,8.534183162,30.28831689,8.04882172
1,2.381161269,7.798747591,28.86668903,7.299550469
1,2.512492665,8.122565303,24.70343526,7.205842597
1,1.9995939,7.294863527,24.12781208,6.979521431
1,2.089571641,5.449094468,18.60218883,5.553669042
1,2.423383806,7.300784052,27.62600939,7.513371135
1,2.504299878,6.635537064,39.71523484,7.436483401
1,1.997348257,7.522909028,28.00353972,7.322635352
1,2.131363794,7.914402946,22.17079782,7.241381528
1,2.205526785,7.312504809,28.65657699,6.750936171
1,2.077620259,5.949050027,17.99390513,6.092548056
1,1.873532017,5.881907914,20.11247138,5.484144211
1,2.047296044,6.193288357,22.25492602,5.521944627
1,2.175648814,6.608162786,22.98208724,6.635839005
1,2.315203109,7.403677454,32.0416163,6.450821017
1,2.125439481,5.847482433,17.61995206,5.745052995
1,2.358648811,7.006960804,23.42885642,6.330395944
1,2.106832268,6.699931057,20.24204285,6.451697327
1,2.09744928,6.604494231,19.56694289,6.006966754
1,1.952394692,5.970042468,19.01243631,5.549436364
1,2.112797184,5.381159004,17.26792346,5.402440176
1,2.233692148,6.193640566,21.85849078,5.889528513
1,2.142499709,6.464534285,24.83807156,6.819665147
1,1.908920579,5.519745392,18.929733,5.365368198
1,2.207187987,5.159453944,17.23240642,5.472834267
1,2.000880138,5.316628831,19.45681851,5.569581006
1,1.943811098,5.768264863,20.2469573,5.198144846
1,1.852321081,5.801683502,19.72244185,5.579444922
1,1.926163113,5.37681992,17.79889877,5.802121406
1,1.964620859,5.090406543,16.92245588,5.306679204
1,2.027645929,6.064294212,21.28193973,6.243988457
1,1.830356525,5.267659794,17.01853335,5.480846549
1,2.112860171,5.679665886,22.4826319,5.080482136
1,2.311132687,6.113615266,25.57567172,5.919577328
1,2.029131571,5.792174195,18.07176414,5.293540811
1,2.223795353,6.453349878,23.11354374,6.47719333
1,2.397412916,6.594921628,28.30287038,6.673470449
1,2.011588649,5.509700752,20.16608609,5.390102487
1,2.511945067,6.869483273,24.42718822,7.219851724
1,2.006343738,6.802446588,21.65690241,6.535315057
1,2.293527989,7.589817982,28.59035312,7.848971858
1,2.189693512,7.175989593,23.45092575,6.598748463
1,2.334179629,7.367276404,22.75601244,7.570374589
1,2.567702435,7.463086489,29.89498083,8.397868107
